,City,Country,Latitude,Longitude,Max Temp,Humidity,Cloud Cover,Wind Speed,Date
0,whitehorse,CA,60.72,-135.05,55.4,30.0,75.0,17.22,1600401996.0
1,atuona,PF,-9.8,-139.03,78.01,76.0,20.0,19.6,1600401997.0
2,east london,ZA,-33.02,27.91,55.4,82.0,23.0,9.17,1600401997.0
3,kutum,SD,14.2,24.67,75.36,42.0,36.0,2.75,1600401997.0
4,bambous virieux,MU,-20.34,57.76,73.99,64.0,20.0,11.41,1600401997.0
5,gonzalez,US,30.58,-87.29,80.6,78.0,1.0,3.36,1600401998.0
6,meadow lake,US,34.8,-106.54,70.0,30.0,40.0,8.05,1600401998.0
7,kahului,US,20.89,-156.47,87.8,52.0,1.0,13.87,1600401881.0
8,moussoro,TD,13.64,16.49,83.68,50.0,0.0,6.53,1600401999.0
9,ushuaia,AR,-54.8,-68.3,30.2,92.0,90.0,20.8,1600401884.0
10,narsaq,GL,60.92,-46.05,42.8,81.0,100.0,1.12,1600401999.0
11,severo-kurilsk,RU,50.68,156.12,55.49,84.0,100.0,4.23,1600402000.0
12,mataura,NZ,-46.19,168.86,52.0,76.0,100.0,23.0,1600402000.0
13,cape town,ZA,-33.93,18.42,46.4,93.0,6.0,2.24,1600402000.0
14,craig,US,40.52,-107.55,64.4,32.0,1.0,4.81,1600402000.0
15,korgen,NO,66.08,13.82,42.01,93.0,100.0,5.01,1600402001.0
16,esperance,AU,-33.87,121.9,59.0,100.0,90.0,5.82,1600402001.0
17,port lincoln,AU,-34.73,135.87,66.65,71.0,62.0,17.58,1600401840.0
18,faanui,PF,-16.48,-151.75,78.39,77.0,16.0,14.9,1600402002.0
19,puerto ayora,EC,-0.74,-90.35,65.66,87.0,77.0,9.24,1600402002.0
20,mandalgovi,MN,45.76,106.27,60.1,36.0,0.0,1.45,1600402002.0
21,quatre cocos,MU,-20.21,57.76,73.99,64.0,20.0,11.41,1600402003.0
22,hukuntsi,BW,-24.0,21.75,55.51,27.0,0.0,7.52,1600402003.0
23,dabola,GN,10.75,-11.12,70.09,90.0,94.0,1.43,1600402003.0
24,rylsk,RU,51.57,34.68,45.36,88.0,40.0,12.48,1600402004.0
25,chuy,UY,-33.7,-53.46,54.59,85.0,0.0,8.55,1600402004.0
26,kapaa,US,22.08,-159.32,84.2,62.0,40.0,12.75,1600402004.0
27,bengkulu,ID,-3.8,102.27,84.47,65.0,51.0,7.67,1600402005.0
28,vila franca do campo,PT,37.72,-25.43,68.0,72.0,20.0,12.75,1600402005.0
29,roald,NO,62.58,6.13,57.2,76.0,100.0,24.16,1600402005.0
30,dracena,BR,-21.48,-51.53,70.68,54.0,32.0,8.37,1600402006.0
31,meulaboh,ID,4.14,96.13,80.06,76.0,100.0,3.65,1600402006.0
32,kholmogory,RU,64.22,41.66,33.8,91.0,4.0,4.47,1600402006.0
33,kaitangata,NZ,-46.28,169.85,51.01,58.0,100.0,25.01,1600402006.0
34,busselton,AU,-33.65,115.33,64.0,53.0,48.0,7.0,1600401877.0
35,bluff,NZ,-46.6,168.33,52.0,76.0,100.0,23.0,1600402007.0
36,rikitea,PF,-23.12,-134.97,72.01,82.0,8.0,22.41,1600402007.0
37,shebalino,RU,51.29,85.68,50.58,61.0,100.0,11.18,1600402008.0
38,punta arenas,CL,-53.15,-70.92,32.0,90.0,37.0,26.4,1600402008.0
39,codrington,AU,-38.27,141.97,56.21,86.0,100.0,11.68,1600402008.0
40,upernavik,GL,72.79,-56.15,28.94,88.0,4.0,8.28,1600402008.0
41,cidreira,BR,-30.18,-50.21,60.01,91.0,1.0,7.18,1600402009.0
42,valparaiso,CL,-33.04,-71.63,64.4,68.0,0.0,6.93,1600401732.0
43,hobart,AU,-42.88,147.33,62.01,44.0,20.0,5.82,1600401957.0
44,kruisfontein,ZA,-34.0,24.73,49.08,86.0,0.0,5.03,1600402009.0
45,nikolskoye,RU,59.7,30.79,44.6,93.0,90.0,17.9,1600402010.0
46,tasiilaq,GL,65.61,-37.64,39.2,69.0,100.0,4.7,1600402010.0
47,marawi,PH,8.0,124.29,84.99,81.0,89.0,5.01,1600401844.0
48,te anau,NZ,-45.42,167.72,44.38,83.0,100.0,6.4,1600402011.0
49,gizo,SB,-8.1,156.84,83.21,74.0,95.0,9.46,1600402011.0
50,thompson,CA,55.74,-97.86,28.4,86.0,5.0,4.38,1600402011.0
51,ribeira grande,PT,38.52,-28.7,70.23,78.0,47.0,16.37,1600402011.0
52,srednekolymsk,RU,67.45,153.68,42.78,89.0,100.0,15.64,1600402011.0
53,benghazi,LY,32.12,20.07,75.69,73.0,15.0,6.15,1600402012.0
54,castro,BR,-24.79,-50.01,58.75,84.0,100.0,3.6,1600402012.0
55,bethel,US,41.37,-73.41,62.01,93.0,75.0,4.63,1600402012.0
56,albany,US,42.6,-73.97,57.99,93.0,100.0,5.28,1600402013.0
57,luwuk,ID,-0.95,122.79,87.33,53.0,59.0,3.74,1600402013.0
58,manta,EC,-0.95,-80.73,73.4,83.0,90.0,6.93,1600402013.0
59,port-gentil,GA,-0.72,8.78,75.9,87.0,100.0,11.63,1600402014.0
60,yellowknife,CA,62.46,-114.35,46.4,70.0,40.0,11.41,1600402014.0
61,tilichiki,RU,60.47,166.1,48.69,66.0,76.0,9.33,1600402014.0
62,hermanus,ZA,-34.42,19.23,43.0,96.0,20.0,5.5,1600402015.0
63,kenai,US,60.55,-151.26,57.2,47.0,90.0,11.41,1600402015.0
64,madaoua,NE,14.07,5.96,79.3,67.0,73.0,6.04,1600402015.0
65,san ramon,US,37.78,-121.98,71.01,56.0,1.0,11.41,1600402016.0
66,tuktoyaktuk,CA,69.45,-133.04,42.8,87.0,75.0,6.93,1600402016.0
67,hilo,US,19.73,-155.09,80.6,61.0,75.0,6.93,1600402016.0
68,bilma,NE,18.69,12.92,88.48,22.0,54.0,4.79,1600402016.0
69,teya,RU,60.38,92.63,54.1,84.0,100.0,8.88,1600402017.0
70,palmer,US,42.16,-72.33,61.0,82.0,75.0,4.7,1600401835.0
71,nishihara,JP,26.18,127.76,87.8,66.0,40.0,9.17,1600402017.0
72,bridgetown,BB,13.1,-59.62,77.0,88.0,20.0,3.36,1600402018.0
73,palu,ID,-0.89,119.87,91.54,47.0,37.0,3.8,1600402018.0
74,tougue,GN,11.47,-11.6,66.87,96.0,79.0,1.39,1600402018.0
75,talnakh,RU,69.49,88.4,53.6,81.0,72.0,8.95,1600402019.0
76,yulara,AU,-25.24,130.99,69.8,32.0,0.0,12.75,1600402019.0
77,masvingo,ZW,-20.06,30.83,58.44,90.0,5.0,5.46,1600402019.0
78,russell,US,32.35,-85.2,73.4,94.0,20.0,3.83,1600402020.0
79,mahebourg,MU,-20.41,57.7,71.6,64.0,20.0,11.41,1600402020.0
80,sorland,NO,67.67,12.69,51.8,81.0,75.0,23.04,1600402020.0
81,souillac,MU,-20.52,57.52,71.6,64.0,20.0,11.41,1600402021.0
82,maridi,SS,4.92,29.47,67.23,94.0,43.0,1.34,1600402021.0
83,barrow,US,71.29,-156.79,42.8,87.0,90.0,14.99,1600401902.0
84,port alfred,ZA,-33.59,26.89,56.46,77.0,0.0,8.7,1600402021.0
85,luderitz,NA,-26.65,15.16,55.54,69.0,0.0,12.26,1600402022.0
86,carnarvon,AU,-24.87,113.63,84.2,13.0,0.0,9.17,1600402022.0
87,teontepec,MX,18.5,-97.52,61.0,96.0,100.0,1.01,1600402022.0
88,diamantina,BR,-18.25,-43.6,58.46,67.0,0.0,1.72,1600402023.0
89,berlevag,NO,70.86,29.09,42.8,75.0,75.0,20.8,1600402023.0
90,norman wells,CA,65.28,-126.83,51.8,66.0,40.0,4.7,1600402023.0
91,tiksi,RU,71.69,128.87,52.05,63.0,75.0,21.61,1600402024.0
92,saskylakh,RU,71.92,114.08,58.15,55.0,0.0,11.63,1600402024.0
93,celestun,MX,20.87,-90.4,82.58,81.0,41.0,3.58,1600402025.0
94,vaini,TO,-21.2,-175.2,71.6,88.0,90.0,8.05,1600402025.0
95,jamestown,US,42.1,-79.24,54.0,93.0,75.0,5.82,1600401771.0
96,bokhan,RU,53.15,103.77,61.68,54.0,0.0,8.84,1600402025.0
97,new norfolk,AU,-42.78,147.06,62.01,49.0,0.0,1.99,1600402025.0
98,lavrentiya,RU,65.58,-171.0,46.29,77.0,100.0,9.66,1600402026.0
99,bambanglipuro,ID,-7.95,110.28,87.06,56.0,83.0,12.64,1600402026.0
100,saldanha,ZA,-33.01,17.94,44.6,87.0,79.0,3.36,1600402027.0
101,avarua,CK,-21.21,-159.78,73.4,73.0,89.0,13.87,1600401731.0
102,contai,IN,21.78,87.75,87.67,72.0,100.0,6.02,1600402027.0
103,egvekinot,RU,66.32,-179.17,38.05,75.0,91.0,10.02,1600402027.0
104,zima,RU,53.92,102.04,59.16,64.0,0.0,10.0,1600402028.0
105,kargil,IN,34.57,76.1,51.84,44.0,0.0,4.23,1600402028.0
106,santa cruz del sur,CU,20.71,-78.0,79.74,80.0,38.0,4.5,1600402028.0
107,arraial do cabo,BR,-22.97,-42.03,70.92,88.0,0.0,6.53,1600402029.0
108,hasaki,JP,35.73,140.83,91.0,70.0,75.0,14.99,1600402029.0
109,savannah bight,HN,16.45,-85.85,86.4,75.0,58.0,19.42,1600402030.0
110,malvern,US,34.36,-92.81,75.2,69.0,1.0,3.36,1600402030.0
111,la ronge,CA,55.1,-105.28,41.0,80.0,75.0,2.24,1600401785.0
112,georgetown,MY,5.41,100.34,78.8,94.0,40.0,3.36,1600401880.0
113,colesberg,ZA,-30.72,25.1,47.21,44.0,11.0,1.92,1600402030.0
114,kailua,US,21.4,-157.74,82.4,65.0,40.0,11.41,1600402031.0
115,shitanjing,CN,39.23,106.34,69.1,23.0,0.0,8.63,1600402031.0
116,samfya,ZM,-11.36,29.56,67.01,50.0,53.0,9.66,1600402031.0
117,bhagalpur,IN,25.25,87.0,88.0,67.0,82.0,5.59,1600401787.0
118,beringovskiy,RU,63.05,179.32,43.57,90.0,100.0,11.36,1600402032.0
119,clyde river,CA,70.47,-68.59,32.0,85.0,90.0,8.05,1600402032.0
120,plaster rock,CA,46.91,-67.39,39.2,51.0,1.0,4.7,1600402032.0
121,assiniboia,CA,49.63,-105.98,55.65,46.0,0.0,4.34,1600402033.0
122,wad madani,SD,14.4,33.52,81.48,64.0,32.0,6.51,1600402033.0
123,saint george,US,37.1,-113.58,84.2,9.0,1.0,1.57,1600401869.0
124,mareeba,AU,-17.0,145.43,77.0,78.0,90.0,13.87,1600402033.0
125,acapulco,MX,16.86,-99.89,79.52,83.0,100.0,4.72,1600402034.0
126,dingle,PH,11.0,122.67,82.4,78.0,100.0,1.57,1600402034.0
127,dharur,IN,18.82,76.12,76.17,89.0,100.0,12.86,1600402034.0
128,provideniya,RU,64.38,-173.3,51.8,66.0,75.0,4.47,1600402034.0
129,deputatskiy,RU,69.3,139.9,42.06,90.0,100.0,10.83,1600402035.0
130,neryungri,RU,56.67,124.65,51.04,53.0,96.0,8.72,1600402035.0
131,huarmey,PE,-10.07,-78.15,59.85,85.0,1.0,5.26,1600402035.0
132,nanortalik,GL,60.14,-45.24,43.43,91.0,89.0,9.28,1600402035.0
133,vrable,SK,48.24,18.31,60.01,68.0,77.0,4.41,1600402036.0
134,aklavik,CA,68.22,-135.01,50.0,66.0,90.0,10.29,1600402036.0
135,geraldton,AU,-28.77,114.6,77.0,22.0,0.0,10.29,1600402036.0
136,yarmolyntsi,UA,49.19,26.84,46.99,79.0,0.0,7.0,1600402037.0
137,yarim,YE,14.3,44.38,59.85,33.0,2.0,7.14,1600402037.0
138,boddam,GB,57.47,-1.78,57.99,93.0,4.0,1.12,1600402037.0
139,talara,PE,-4.58,-81.27,61.63,88.0,72.0,11.99,1600402038.0
140,warmbad,NA,-28.45,18.73,54.36,35.0,0.0,5.77,1600402038.0
141,kensington,AU,-33.92,151.22,64.0,82.0,75.0,10.29,1600402038.0
142,phangnga,TH,8.45,98.53,80.6,83.0,90.0,16.11,1600402039.0
143,grindavik,IS,63.84,-22.43,46.4,93.0,75.0,16.11,1600402039.0
144,hornepayne,CA,49.21,-84.77,31.71,91.0,1.0,4.72,1600402039.0
145,kpalime,TG,6.9,0.63,68.16,97.0,30.0,1.25,1600402040.0
146,lebu,CL,-37.62,-73.65,48.02,82.0,0.0,12.88,1600402040.0
147,moindou,NC,-21.69,165.68,80.6,65.0,7.0,13.87,1600402040.0
148,saint-philippe,RE,-21.36,55.77,73.0,53.0,42.0,6.93,1600402040.0
149,dikson,RU,73.51,80.55,44.42,90.0,76.0,11.18,1600402041.0
150,qaanaaq,GL,77.48,-69.36,19.65,88.0,81.0,7.96,1600402041.0
151,kodiak,US,57.79,-152.41,55.4,66.0,40.0,11.41,1600402041.0
152,lompoc,US,34.64,-120.46,60.8,87.0,1.0,8.05,1600402015.0
153,kavaratti,IN,10.57,72.64,82.4,83.0,40.0,11.41,1600402042.0
154,liverpool,GB,53.41,-2.98,51.01,93.0,29.0,4.7,1600401872.0
155,amahai,ID,-3.33,128.92,83.77,68.0,97.0,4.63,1600402042.0
156,marang,MY,5.21,103.21,84.2,79.0,40.0,3.36,1600402043.0
157,key west,US,24.56,-81.78,86.0,74.0,1.0,3.36,1600401918.0
158,san cristobal,VE,7.77,-72.22,66.07,79.0,19.0,1.23,1600402044.0
159,asyut,EG,27.18,31.18,78.8,61.0,0.0,10.29,1600402044.0
160,perivolion,GR,39.42,20.01,71.01,100.0,90.0,10.76,1600402045.0
161,gerash,IR,27.67,54.14,66.2,32.0,0.0,4.5,1600402045.0
162,metro,ID,-5.11,105.31,88.79,52.0,36.0,8.55,1600402020.0
163,pampa,US,35.54,-100.96,62.6,63.0,1.0,6.93,1600401899.0
164,hamilton,US,39.18,-84.53,64.99,69.0,28.0,1.01,1600401612.0
165,biltine,TD,14.53,20.92,83.7,32.0,60.0,8.48,1600402046.0
166,muisne,EC,0.6,-80.03,73.54,87.0,99.0,9.62,1600402046.0
167,tessalit,ML,20.2,1.01,84.69,45.0,37.0,0.94,1600402046.0
168,tabou,CI,4.42,-7.35,73.94,89.0,95.0,9.6,1600402047.0
169,yumen,CN,40.28,97.2,74.32,17.0,0.0,20.13,1600402047.0
170,muli,MV,2.92,73.57,82.47,77.0,66.0,9.26,1600402048.0
171,grand-lahou,CI,5.14,-5.02,74.3,91.0,84.0,7.74,1600402048.0
172,chynadiyovo,UA,48.48,22.82,41.0,84.0,0.0,8.39,1600402048.0
173,yeniseysk,RU,58.45,92.17,57.96,76.0,100.0,7.52,1600402048.0
174,bredasdorp,ZA,-34.53,20.04,46.4,93.0,23.0,4.7,1600402039.0
175,bemidji,US,47.47,-94.88,39.0,71.0,1.0,4.74,1600402049.0
176,port hardy,CA,50.7,-127.42,62.6,93.0,90.0,3.36,1600402049.0
177,mbinga,TZ,-10.93,35.02,57.94,88.0,0.0,4.94,1600402049.0
178,abashiri,JP,44.02,144.27,66.2,93.0,75.0,3.36,1600402050.0
179,camacha,PT,33.08,-16.33,69.8,73.0,40.0,16.11,1600402050.0
180,suntar,RU,62.14,117.63,57.81,50.0,0.0,3.47,1600402050.0
181,paamiut,GL,61.99,-49.67,42.01,85.0,97.0,39.5,1600402051.0
182,eganville,CA,45.53,-77.1,39.2,86.0,1.0,3.36,1600402051.0
183,salalah,OM,17.02,54.09,80.6,83.0,75.0,8.05,1600401754.0
184,palmares do sul,BR,-30.26,-50.51,59.04,93.0,0.0,5.75,1600402051.0
185,acarau,BR,-2.89,-40.12,76.96,84.0,10.0,13.71,1600402052.0
186,buala,SB,-8.14,159.59,81.52,82.0,100.0,12.59,1600402052.0
187,alofi,NU,-19.06,-169.92,77.0,88.0,75.0,13.87,1600402052.0
188,rudbar,AF,30.15,62.6,71.31,33.0,0.0,12.39,1600402052.0
189,cadillac,US,44.25,-85.4,41.0,80.0,1.0,8.99,1600402053.0
190,vallenar,CL,-28.57,-70.76,62.71,44.0,0.0,1.45,1600402054.0
191,dukat,RU,62.55,155.55,37.13,77.0,98.0,9.06,1600402054.0
192,san luis,AR,-33.3,-66.34,64.96,27.0,0.0,4.59,1600402054.0
193,north myrtle beach,US,33.82,-78.68,82.4,88.0,90.0,17.22,1600402055.0
194,merauke,ID,-8.47,140.33,84.45,73.0,95.0,18.92,1600402055.0
195,butaritari,KI,3.07,172.79,82.51,72.0,97.0,12.19,1600402055.0
196,ambilobe,MG,-13.2,49.05,73.02,59.0,85.0,4.7,1600402055.0
197,nhulunbuy,AU,-12.23,136.77,86.0,62.0,75.0,19.46,1600402056.0
198,rio grande,BR,-32.03,-52.1,58.64,91.0,0.0,6.06,1600402056.0
199,nortelandia,BR,-14.45,-56.8,77.45,33.0,19.0,1.57,1600402056.0
200,kysyl-syr,RU,63.9,122.76,57.78,52.0,7.0,1.59,1600402057.0
201,morant bay,JM,17.88,-76.41,84.2,74.0,20.0,5.82,1600402057.0
202,komsomolskiy,UZ,40.43,71.72,62.6,39.0,29.0,2.24,1600402057.0
203,salem,IN,11.65,78.17,84.2,70.0,40.0,4.68,1600401914.0
204,north bend,US,43.41,-124.22,61.0,100.0,40.0,2.93,1600402058.0
205,los llanos de aridane,ES,28.66,-17.92,73.4,60.0,81.0,3.36,1600402058.0
206,airai,TL,-8.93,125.41,81.03,43.0,3.0,3.78,1600402058.0
207,mancio lima,BR,-7.61,-72.9,77.74,65.0,64.0,1.21,1600402059.0
208,sao filipe,CV,14.9,-24.5,79.41,84.0,1.0,7.31,1600402059.0
209,wajir,KE,1.75,40.06,75.2,73.0,90.0,6.93,1600402059.0
210,amga,RU,60.9,131.96,59.54,34.0,0.0,5.66,1600402059.0
211,vila velha,BR,-20.33,-40.29,73.4,78.0,0.0,10.29,1600402060.0
212,ulundi,ZA,-28.34,31.42,54.91,91.0,34.0,3.67,1600402060.0
213,ulladulla,AU,-35.35,150.47,61.0,77.0,75.0,10.29,1600401995.0
214,kapenguria,KE,1.25,35.09,57.34,79.0,0.0,4.72,1600402060.0
215,wuwei,CN,37.93,102.64,72.03,22.0,0.0,5.26,1600402060.0
216,ust-kuyga,RU,70.02,135.6,53.22,66.0,98.0,8.72,1600402061.0
217,sao felix do xingu,BR,-6.64,-51.99,78.03,50.0,54.0,0.63,1600402061.0
218,victoria,HK,22.29,114.16,86.0,82.0,98.0,17.0,1600401911.0
219,cabo san lucas,MX,22.89,-109.91,84.0,73.0,73.0,3.06,1600402062.0
220,guarapari,BR,-20.67,-40.5,73.4,78.0,0.0,10.29,1600401898.0
221,mar del plata,AR,-38.0,-57.56,55.4,58.0,41.0,9.17,1600402062.0
222,padang,ID,-0.95,100.35,84.25,67.0,100.0,8.12,1600402062.0
223,leningradskiy,RU,69.38,178.42,32.81,95.0,100.0,17.09,1600402063.0
224,guaymas,MX,27.93,-110.9,84.0,80.0,0.0,3.0,1600402063.0
225,takhtamygda,RU,54.1,123.57,54.55,56.0,100.0,11.34,1600402063.0
226,hambantota,LK,6.12,81.12,84.2,83.0,75.0,17.22,1600402063.0
227,bull savanna,JM,17.89,-77.59,77.05,87.0,1.0,4.65,1600402064.0
228,khandbari,NP,27.37,87.2,76.89,73.0,98.0,0.78,1600402064.0
229,vahan,AM,40.58,45.4,54.43,83.0,25.0,2.04,1600402064.0
230,pisco,PE,-13.7,-76.22,59.0,87.0,20.0,2.24,1600402065.0
231,najran,SA,17.49,44.13,68.0,28.0,0.0,2.24,1600402065.0
232,chokurdakh,RU,70.63,147.92,45.27,86.0,100.0,14.36,1600402065.0
233,olivenza,ES,38.68,-7.1,60.01,93.0,67.0,1.01,1600402065.0
234,dulangan,PH,11.46,122.96,86.22,68.0,100.0,2.28,1600402066.0
235,salinopolis,BR,-0.61,-47.36,79.57,81.0,0.0,11.3,1600402066.0
236,hithadhoo,MV,-0.6,73.08,82.72,77.0,76.0,8.86,1600401874.0
237,makakilo city,US,21.35,-158.09,86.0,54.0,75.0,8.05,1600402066.0
238,mirosov,CZ,49.69,13.66,45.0,100.0,45.0,5.17,1600402067.0
239,beyneu,KZ,45.32,55.2,57.22,42.0,0.0,4.7,1600402067.0
240,cherskiy,RU,68.75,161.3,37.69,77.0,98.0,5.12,1600402067.0
241,broome,US,42.25,-75.83,57.0,93.0,90.0,9.17,1600402067.0
242,solnechnyy,RU,50.72,136.63,47.61,91.0,100.0,8.97,1600402068.0
243,rocha,UY,-34.48,-54.33,57.96,71.0,0.0,11.99,1600402068.0
244,chernyshkovskiy,RU,48.42,42.23,54.99,54.0,39.0,10.38,1600402069.0
245,vardo,NO,70.37,31.11,42.8,81.0,75.0,17.22,1600402069.0
246,teeli,RU,51.03,90.23,58.71,46.0,63.0,1.77,1600402069.0
247,harper,LR,4.38,-7.72,73.85,90.0,89.0,9.75,1600402070.0
248,peleduy,RU,59.63,112.74,59.79,47.0,0.0,7.9,1600402070.0
249,kinablangan,PH,7.69,126.55,77.29,87.0,100.0,4.65,1600402070.0
250,vostok,RU,46.49,135.88,58.93,87.0,16.0,4.45,1600402070.0
251,atocha,BO,-20.93,-66.23,42.49,55.0,41.0,2.8,1600402071.0
252,nizhniy kuranakh,RU,58.84,125.49,53.29,50.0,67.0,8.43,1600402071.0
253,lata,PT,40.16,-8.33,62.01,96.0,47.0,5.01,1600402071.0
254,forrest city,US,35.01,-90.79,70.0,77.0,1.0,3.36,1600402071.0
255,qaqortoq,GL,60.72,-46.03,42.8,81.0,100.0,1.12,1600402072.0
256,cockburn town,TC,21.46,-71.14,83.07,79.0,14.0,11.99,1600402071.0
257,houma,US,29.6,-90.72,77.0,94.0,1.0,5.59,1600402049.0
258,khatanga,RU,71.97,102.5,59.61,48.0,75.0,19.13,1600402072.0
259,basco,PH,20.45,121.97,84.74,79.0,24.0,15.32,1600402073.0
260,ust-koksa,RU,50.27,85.61,46.4,76.0,100.0,5.39,1600402073.0
261,altay,CN,47.87,88.12,65.34,34.0,92.0,9.04,1600402073.0
262,kommunar,RU,59.62,30.39,44.6,93.0,90.0,17.9,1600402074.0
263,kirksville,US,40.19,-92.58,57.2,76.0,1.0,6.93,1600401818.0
264,songea,TZ,-10.68,35.65,60.1,89.0,0.0,6.93,1600402074.0
265,san alberto,CO,7.76,-73.39,75.36,79.0,86.0,3.36,1600402074.0
266,willowmore,ZA,-33.29,23.49,48.13,72.0,0.0,1.68,1600402075.0
267,suhut,TR,38.53,30.55,62.13,56.0,1.0,1.52,1600402075.0
268,torbay,CA,47.67,-52.73,63.0,88.0,90.0,18.34,1600402076.0
269,cascais,PT,38.7,-9.42,68.0,91.0,96.0,20.0,1600402076.0
270,sabha,LY,27.04,14.43,73.4,31.0,0.0,9.26,1600402076.0
271,hofn,IS,64.25,-15.21,48.4,68.0,0.0,4.5,1600402076.0
272,wangaratta,AU,-36.37,146.33,68.0,82.0,90.0,5.82,1600402077.0
273,ariano irpino,IT,41.15,15.08,69.01,37.0,9.0,1.19,1600402077.0
274,sajokaza,HU,48.28,20.58,51.8,62.0,0.0,20.8,1600402078.0
275,sur,OM,22.57,59.53,87.22,45.0,4.0,2.64,1600402079.0
276,nouakchott,MR,18.09,-15.98,82.4,88.0,20.0,8.05,1600402021.0
277,rabak,SD,13.18,32.74,79.54,68.0,33.0,6.64,1600402079.0
278,wajima,JP,37.4,136.9,66.2,93.0,75.0,2.24,1600402079.0
279,ostrovnoy,RU,68.05,39.51,39.96,84.0,100.0,7.27,1600402079.0
280,katherine,AU,-14.47,132.27,93.2,34.0,75.0,6.93,1600402080.0
281,gevgelija,MK,41.14,22.5,71.01,99.0,99.0,5.1,1600402080.0
282,paldiski,EE,59.36,24.05,48.99,76.0,75.0,13.87,1600402081.0
283,svetlogorsk,BY,52.63,29.73,48.52,74.0,87.0,13.85,1600402081.0
284,camargo,MX,27.67,-105.17,70.59,53.0,39.0,12.86,1600402081.0
285,pueblo nuevo,MX,23.38,-105.38,60.78,98.0,78.0,4.43,1600402081.0
286,xinyu,CN,27.8,114.93,67.75,81.0,100.0,5.86,1600402082.0
287,mayo,US,38.89,-76.51,69.01,90.0,90.0,3.36,1600402082.0
288,ponta do sol,PT,32.67,-17.1,68.0,68.0,20.0,8.05,1600402083.0
289,taltal,CL,-25.4,-70.48,55.89,70.0,23.0,1.16,1600402083.0
290,khandyga,RU,62.67,135.6,58.03,39.0,0.0,4.23,1600402083.0
291,shitkino,RU,56.37,98.35,60.08,64.0,100.0,8.7,1600402083.0
292,jurilovca,RO,44.77,28.87,66.0,51.0,0.0,26.4,1600402084.0
293,gamba,GA,-2.65,10.0,74.16,91.0,100.0,7.34,1600402084.0
294,dubbo,AU,-32.25,148.62,73.4,53.0,100.0,17.22,1600401795.0
295,yatou,CN,37.15,122.38,75.25,51.0,0.0,11.43,1600402085.0
296,saint-pierre,RE,-21.34,55.48,73.0,53.0,20.0,6.93,1600402085.0
297,hualmay,PE,-11.1,-77.61,59.14,85.0,7.0,6.76,1600402085.0
298,verkhnevilyuysk,RU,63.45,120.32,57.34,53.0,0.0,2.53,1600402085.0
299,cairns,AU,-16.92,145.77,77.0,78.0,90.0,13.87,1600401886.0
300,san carlos de bariloche,AR,-41.15,-71.31,39.2,64.0,40.0,24.16,1600402086.0
301,guerrero negro,MX,27.98,-114.06,81.41,46.0,0.0,8.88,1600402086.0
302,dubrovytsya,UA,51.57,26.57,44.91,76.0,0.0,12.71,1600402086.0
303,iqaluit,CA,63.75,-68.51,37.4,55.0,75.0,9.17,1600402086.0
304,isla vista,US,34.41,-119.86,75.99,36.0,86.0,5.99,1600402087.0
305,lebedinyy,RU,58.52,125.52,45.9,58.0,79.0,14.18,1600402087.0
306,pevek,RU,69.7,170.31,33.13,92.0,93.0,11.79,1600402087.0
307,kouqian,CN,43.64,126.46,59.11,76.0,88.0,16.24,1600402088.0
308,saint-augustin,CA,51.23,-58.65,41.11,64.0,34.0,7.14,1600402088.0
309,praia da vitoria,PT,38.73,-27.07,69.8,94.0,75.0,10.11,1600402088.0
310,maryborough,AU,-25.53,152.7,77.0,63.0,53.0,8.99,1600402088.0
311,menongue,AO,-14.66,17.69,58.53,79.0,0.0,2.82,1600402089.0
312,rawah,IQ,34.48,41.91,81.86,27.0,0.0,9.55,1600402089.0
313,mora,CM,11.05,14.14,75.58,77.0,95.0,4.05,1600402089.0
314,naze,JP,28.37,129.48,89.6,79.0,75.0,11.41,1600402090.0
315,okhotsk,RU,59.38,143.3,56.19,42.0,0.0,4.14,1600402090.0
316,amapa,BR,1.0,-52.0,72.77,93.0,6.0,3.42,1600402090.0
317,fernandopolis,BR,-20.28,-50.25,70.25,54.0,23.0,8.12,1600402091.0
318,ayna,PE,-12.65,-73.92,59.5,76.0,79.0,0.98,1600402091.0
319,kavieng,PG,-2.57,150.8,84.13,74.0,85.0,7.92,1600402091.0
320,ocala,US,29.19,-82.14,77.0,100.0,20.0,4.7,1600401887.0
321,necochea,AR,-38.55,-58.74,48.9,66.0,64.0,8.99,1600402092.0
322,lucapa,AO,-8.42,20.74,69.39,76.0,93.0,2.39,1600402092.0
323,olafsvik,IS,64.89,-23.71,48.63,87.0,72.0,22.28,1600402092.0
324,sambava,MG,-14.27,50.17,70.36,80.0,44.0,9.19,1600402092.0
325,lasa,IT,46.62,10.7,54.0,92.0,0.0,1.99,1600402093.0
326,ust-tsilma,RU,65.44,52.15,39.29,74.0,70.0,3.18,1600402093.0
327,hirara,JP,24.8,125.28,89.6,74.0,75.0,10.29,1600402093.0
328,kjopsvik,NO,68.1,16.37,52.0,100.0,100.0,17.22,1600402094.0
329,binga,ZW,-17.62,27.34,71.94,45.0,66.0,1.3,1600402094.0
330,bulgan,MN,48.81,103.53,59.97,49.0,0.0,3.62,1600402094.0
331,loukhi,RU,66.08,33.04,37.38,87.0,100.0,3.31,1600402095.0
332,devonport,AU,-41.17,146.35,57.0,56.0,0.0,1.99,1600402095.0
333,korla,CN,41.76,86.15,78.66,17.0,25.0,17.16,1600402095.0
334,santa cruz,BO,-17.8,-63.17,66.2,82.0,90.0,4.7,1600401916.0
335,nicoya,CR,10.15,-85.45,74.66,91.0,100.0,1.5,1600402096.0
336,nova olimpia,BR,-14.8,-57.29,76.3,34.0,11.0,1.43,1600402096.0
337,gat,IL,31.61,34.76,77.0,73.0,0.0,2.24,1600401904.0
338,ilulissat,GL,69.22,-51.1,30.2,54.0,5.0,19.46,1600402097.0
339,port elizabeth,ZA,-33.92,25.57,46.4,93.0,0.0,1.12,1600402097.0
340,vestmannaeyjar,IS,63.44,-20.27,49.48,76.0,100.0,18.61,1600402097.0
341,camocim,BR,-2.9,-40.84,74.35,89.0,5.0,10.65,1600402097.0
342,fukue,JP,32.69,128.84,71.6,83.0,75.0,12.75,1600402097.0
343,kintampo,GH,8.06,-1.73,68.74,99.0,39.0,3.24,1600402098.0
344,tevaitoa,PF,-16.78,-151.5,79.25,74.0,7.0,14.81,1600402098.0
345,longyearbyen,SJ,78.22,15.64,37.4,86.0,75.0,2.24,1600402098.0
346,husavik,IS,66.04,-17.34,51.8,53.0,5.0,10.29,1600402098.0
347,lamar,US,33.67,-95.58,69.8,83.0,1.0,6.93,1600402099.0
348,pangai,TO,-19.8,-174.35,75.2,94.0,75.0,17.22,1600402099.0
349,fernie,CA,49.5,-115.07,62.6,51.0,5.0,3.36,1600402099.0
350,simoes,BR,-7.6,-40.82,73.54,48.0,0.0,14.97,1600402100.0
351,batman,TR,37.89,41.13,59.0,67.0,0.0,4.7,1600402100.0
352,comodoro rivadavia,AR,-45.87,-67.5,46.4,52.0,29.0,25.28,1600402100.0
353,saint anthony,US,45.02,-93.22,51.8,70.0,1.0,4.7,1600402102.0
354,tazovskiy,RU,67.47,78.7,48.02,81.0,37.0,9.66,1600402102.0
355,kantilo,IN,20.35,85.18,87.8,79.0,40.0,4.7,1600402102.0
356,lunavada,IN,23.13,73.62,83.68,81.0,61.0,8.32,1600402102.0
357,xai-xai,MZ,-25.05,33.64,70.41,91.0,99.0,4.5,1600402103.0
358,mantua,IT,45.17,10.78,64.99,86.0,0.0,3.36,1600402103.0
359,erdenet,MN,49.03,104.08,59.41,48.0,0.0,3.74,1600402103.0
360,namibe,AO,-15.2,12.15,58.48,85.0,0.0,2.62,1600402104.0
361,karratha,AU,-20.74,116.85,80.92,36.0,0.0,17.78,1600402104.0
362,stephenville crossing,CA,48.5,-58.43,51.8,87.0,90.0,4.7,1600402104.0
363,hami,CN,42.8,93.45,81.46,13.0,0.0,5.64,1600402105.0
364,pondicherry,IN,11.93,79.83,83.66,70.0,100.0,9.55,1600401601.0
365,klang,MY,3.03,101.45,91.0,66.0,40.0,9.17,1600402105.0
366,hay river,CA,60.82,-115.8,48.2,70.0,40.0,8.05,1600402105.0
367,fortuna,US,40.6,-124.16,66.0,88.0,40.0,3.02,1600402087.0
368,damietta,EG,31.42,31.81,78.8,88.0,0.0,11.41,1600402106.0
369,havelock,US,34.88,-76.9,81.0,98.0,95.0,15.73,1600402041.0
370,katsuura,JP,35.13,140.3,91.4,74.0,75.0,20.8,1600402106.0
371,farrukhnagar,IN,17.08,78.2,77.0,88.0,75.0,8.05,1600402090.0
372,cururupu,BR,-1.83,-44.87,75.45,90.0,12.0,4.05,1600402107.0
373,mount isa,AU,-20.73,139.5,91.4,33.0,40.0,14.99,1600402107.0
374,tigil,RU,57.8,158.67,53.1,48.0,0.0,10.98,1600402107.0
375,izumo,JP,35.37,132.77,69.8,88.0,75.0,6.93,1600402108.0
376,walvis bay,NA,-22.96,14.51,53.01,93.0,0.0,8.05,1600402108.0
377,nemuro,JP,43.32,145.57,64.4,100.0,75.0,9.17,1600402108.0
378,hervey bay,AU,-25.3,152.85,77.0,63.0,10.0,8.99,1600401914.0
379,shingu,JP,33.73,135.98,82.4,88.0,75.0,9.17,1600402109.0
380,entre rios,BR,-11.94,-38.08,63.99,95.0,5.0,1.72,1600402109.0
381,bathsheba,BB,13.22,-59.52,77.0,88.0,20.0,3.36,1600402109.0
382,sitka,US,57.05,-135.33,55.4,76.0,75.0,1.03,1600401842.0
383,trairi,BR,-3.28,-39.27,76.8,80.0,25.0,11.39,1600402110.0
384,avera,US,33.19,-82.53,69.8,95.0,90.0,6.93,1600402110.0
385,batagay-alyta,RU,67.8,130.41,51.3,46.0,4.0,3.58,1600402110.0
386,coquimbo,CL,-29.95,-71.34,51.8,87.0,0.0,0.89,1600402111.0
387,newport,GB,51.59,-3.0,53.01,90.0,0.0,15.37,1600402111.0
388,ewo,CG,-0.87,14.82,72.03,92.0,100.0,2.33,1600402111.0
389,puerto narino,CO,-3.77,-70.38,75.2,100.0,78.0,1.81,1600402111.0
390,amberley,US,39.2,-84.43,64.4,63.0,90.0,9.17,1600402112.0
391,verkhneyarkeyevo,RU,55.45,54.31,47.62,75.0,91.0,15.39,1600402112.0
392,berbera,SO,10.44,45.01,91.4,51.0,0.0,4.18,1600402112.0
393,sousa,BR,-6.76,-38.23,71.44,71.0,0.0,6.55,1600402113.0
394,constitucion,CL,-35.33,-72.42,52.48,84.0,0.0,13.31,1600402113.0
395,kurilsk,RU,45.23,147.88,64.78,92.0,100.0,6.29,1600402113.0
396,ancud,CL,-41.87,-73.82,46.0,83.0,95.0,11.88,1600402114.0
397,half moon bay,US,37.46,-122.43,68.0,93.0,90.0,5.82,1600401823.0
398,neuquen,AR,-38.95,-68.06,55.4,37.0,99.0,10.29,1600402114.0
399,nacala,MZ,-14.54,40.67,71.24,80.0,6.0,1.97,1600402114.0
400,antalaha,MG,-14.9,50.28,69.21,85.0,90.0,4.94,1600402114.0
401,dobson,US,36.4,-80.72,66.2,93.0,90.0,5.82,1600402111.0
402,northam,GB,51.03,-4.22,53.01,86.0,0.0,7.0,1600402115.0
403,potsdam,DE,52.4,13.07,46.0,79.0,26.0,3.71,1600402115.0
404,bocana de paiwas,NI,12.79,-85.12,75.11,88.0,55.0,0.54,1600402115.0
405,inuvik,CA,68.35,-133.72,50.0,66.0,90.0,10.29,1600402116.0
406,nobeoka,JP,32.58,131.67,75.0,82.0,92.0,5.99,1600402116.0
407,rio gallegos,AR,-51.62,-69.22,33.8,74.0,90.0,25.28,1600402117.0
408,nelson bay,AU,-32.72,152.15,70.0,82.0,75.0,12.75,1600402100.0
409,nara,JP,34.69,135.8,91.99,66.0,75.0,11.41,1600402056.0
410,puerto penasco,MX,31.32,-113.53,88.0,81.0,0.0,7.0,1600401935.0
411,salinas,US,36.68,-121.66,66.99,77.0,1.0,5.82,1600402118.0
412,lookan,PH,5.04,120.1,85.08,74.0,67.0,13.0,1600402118.0
413,calbuco,CL,-41.77,-73.13,44.6,93.0,90.0,4.7,1600402119.0
414,laguna,US,38.42,-121.42,75.2,47.0,1.0,12.75,1600402026.0
415,turbat,PK,26.0,63.04,93.65,11.0,23.0,18.81,1600402120.0
416,eyl,SO,7.98,49.82,78.82,72.0,67.0,17.78,1600402120.0
417,tuatapere,NZ,-46.13,167.68,52.0,76.0,100.0,23.0,1600402120.0
418,giyon,ET,8.53,37.98,57.36,84.0,26.0,2.95,1600402121.0
419,kerman,IR,30.28,57.08,55.4,35.0,0.0,4.7,1600402121.0
420,la oroya,PE,-11.52,-75.9,47.21,70.0,99.0,5.48,1600402121.0
421,kyshtovka,RU,56.55,76.63,49.42,84.0,7.0,7.05,1600402122.0
422,nyurba,RU,63.28,118.33,56.8,52.0,0.0,3.24,1600402122.0
423,mount gambier,AU,-37.83,140.77,62.6,72.0,100.0,11.41,1600402122.0
424,marsh harbour,BS,26.54,-77.06,83.41,73.0,93.0,9.01,1600401922.0
425,kamaishi,JP,39.27,141.88,75.2,83.0,75.0,12.75,1600402123.0
426,arlit,NE,18.74,7.39,86.9,41.0,100.0,3.85,1600402123.0
427,saint-jerome,CA,45.78,-74.0,44.01,80.0,5.0,4.61,1600401839.0
428,vanavara,RU,60.34,102.28,58.6,49.0,64.0,9.33,1600402123.0
429,adelaide,AU,-34.93,138.6,82.4,30.0,100.0,12.75,1600401884.0
430,sabang,ID,5.89,95.32,83.3,73.0,100.0,24.52,1600402124.0
431,rawson,AR,-43.3,-65.1,49.03,48.0,4.0,25.77,1600402124.0
432,pinega,RU,64.7,43.39,35.46,90.0,5.0,7.09,1600402125.0
433,camana,PE,-16.62,-72.71,59.31,80.0,7.0,4.41,1600402125.0
434,kloulklubed,PW,7.04,134.26,80.6,83.0,75.0,4.7,1600402125.0
435,nome,US,64.5,-165.41,46.4,81.0,90.0,5.82,1600401842.0
436,wolgast,DE,54.05,13.77,46.0,80.0,57.0,4.61,1600402126.0
437,zyryanka,RU,65.75,150.85,47.05,74.0,97.0,9.17,1600402126.0
438,nioro,GM,13.35,-15.75,75.33,94.0,100.0,6.17,1600402127.0
439,tanabe,JP,33.73,135.37,82.4,88.0,75.0,9.17,1600402127.0
440,khrebtovaya,RU,56.7,104.25,58.53,50.0,0.0,5.86,1600402127.0
441,zhitnevo,RU,55.34,37.91,48.2,87.0,75.0,8.95,1600402127.0
442,pochutla,MX,15.74,-96.47,75.99,89.0,100.0,1.57,1600402128.0
443,kamenka,RU,51.32,42.77,52.0,51.0,95.0,18.59,1600402128.0
444,krasnoselkup,RU,65.7,82.47,52.41,69.0,31.0,9.24,1600402128.0
445,puerto lempira,HN,15.27,-83.77,78.73,89.0,12.0,7.02,1600402128.0
446,ho chi minh city,VN,10.75,106.67,84.2,83.0,90.0,16.11,1600402101.0
447,sioux lookout,CA,50.1,-91.92,32.0,84.0,20.0,2.53,1600402129.0
448,boyabat,TR,41.47,34.77,63.16,58.0,0.0,1.86,1600402129.0
449,kamariotissa,GR,40.48,25.47,69.8,88.0,99.0,2.24,1600402130.0
450,college,US,64.86,-147.8,59.0,62.0,75.0,3.36,1600402130.0
451,atar,MR,20.52,-13.05,92.98,15.0,0.0,9.17,1600402130.0
452,sarahan,IN,31.52,77.8,69.4,41.0,0.0,4.54,1600402130.0
453,sault sainte marie,CA,46.52,-84.33,44.6,70.0,1.0,5.82,1600402131.0
454,sobolevo,RU,54.43,31.9,46.27,85.0,100.0,18.39,1600402131.0
455,dawei,MM,14.08,98.2,83.71,75.0,98.0,3.98,1600402132.0
456,haines junction,CA,60.75,-137.51,41.5,72.0,99.0,9.51,1600402132.0
457,mnogovershinnyy,RU,53.94,139.92,44.01,98.0,100.0,16.6,1600402132.0
458,paita,PE,-5.09,-81.11,61.63,85.0,55.0,8.1,1600402133.0
459,hindang,PH,10.43,124.73,85.8,65.0,90.0,5.08,1600402133.0
460,belmonte,BR,-15.86,-38.88,71.6,78.0,92.0,4.7,1600402133.0
461,vung tau,VN,10.35,107.08,80.42,84.0,100.0,21.74,1600401909.0
462,methoni,GR,36.82,21.7,73.99,88.0,40.0,8.05,1600402134.0
463,jiuquan,CN,39.74,98.52,73.51,19.0,0.0,12.01,1600402134.0
464,touros,BR,-5.2,-35.46,69.8,94.0,40.0,3.36,1600402135.0
465,freeport,US,40.66,-73.58,70.0,88.0,40.0,4.7,1600401959.0
466,mafeteng,LS,-29.82,27.24,44.82,40.0,0.0,4.34,1600402135.0
467,ratnapura,LK,6.68,80.4,81.39,77.0,83.0,5.61,1600402135.0
468,havre-saint-pierre,CA,50.23,-63.6,35.6,80.0,1.0,4.7,1600402136.0
469,brzeg,PL,50.86,17.47,39.99,93.0,73.0,3.36,1600402136.0
470,saint-georges,GD,12.06,-61.75,80.6,83.0,20.0,1.86,1600402136.0
471,imbituba,BR,-28.24,-48.67,66.2,93.0,75.0,2.24,1600402136.0
472,olsztyn,PL,53.78,20.49,41.0,100.0,39.0,4.7,1600401840.0
473,moriguchi,JP,34.73,135.57,89.01,74.0,75.0,14.99,1600402137.0
474,goba,ET,7.02,39.98,51.35,70.0,8.0,3.33,1600402137.0
475,zhoucheng,CN,35.91,116.31,82.04,40.0,0.0,9.48,1600402137.0
476,zainsk,RU,55.32,52.07,46.4,75.0,100.0,13.42,1600402138.0
477,kultuk,RU,51.72,103.7,60.62,56.0,0.0,4.25,1600402138.0
478,samana,DO,19.21,-69.34,79.09,86.0,43.0,6.51,1600402138.0
479,clonakilty,IE,51.62,-8.87,55.99,82.0,0.0,13.87,1600402138.0
480,jijiang,CN,29.29,106.25,75.99,77.0,57.0,1.9,1600401839.0
481,benalla,AU,-36.55,145.98,62.6,82.0,90.0,5.82,1600402139.0
482,erenhot,CN,43.65,111.98,61.65,32.0,0.0,7.61,1600402139.0
483,pierre,US,44.37,-100.35,53.6,71.0,1.0,4.7,1600401903.0
484,margate,GB,51.38,1.39,61.0,73.0,94.0,1.99,1600402139.0
485,anloga,GH,5.79,0.9,75.2,88.0,20.0,3.36,1600402140.0
486,maragogi,BR,-9.01,-35.22,71.83,82.0,0.0,4.23,1600402140.0
487,wilmington,US,34.23,-77.94,79.0,88.0,75.0,9.17,1600401958.0
488,inhambane,MZ,-23.86,35.38,70.56,87.0,1.0,4.65,1600402141.0
489,lorengau,PG,-2.02,147.27,84.9,74.0,97.0,6.04,1600402141.0
490,sisimiut,GL,66.94,-53.67,34.66,83.0,21.0,9.46,1600402141.0
491,caravelas,BR,-17.71,-39.25,70.36,81.0,56.0,7.14,1600402141.0
492,fort dodge,US,42.5,-94.17,54.0,71.0,1.0,8.05,1600402142.0
493,asau,RO,46.43,26.4,60.8,55.0,100.0,14.99,1600402142.0
494,san juan,AR,-31.54,-68.54,63.37,28.0,0.0,2.15,1600402142.0
495,ahipara,NZ,-35.17,173.17,57.88,73.0,82.0,17.07,1600402142.0
496,adrar,MR,20.5,-10.07,89.47,15.0,1.0,10.4,1600402143.0
497,sosnovo-ozerskoye,RU,52.52,111.54,53.51,56.0,3.0,3.49,1600402144.0
498,likhoslavl,RU,57.13,35.46,45.3,94.0,99.0,5.61,1600402144.0
499,dengzhou,CN,37.81,120.75,80.01,48.0,0.0,16.46,1600402144.0
500,joensuu,FI,62.6,29.76,44.01,87.0,90.0,6.93,1600402145.0
501,charlestown,AU,-32.95,151.67,66.99,85.0,100.0,9.31,1600402145.0
502,valreas,FR,44.38,4.99,64.99,87.0,0.0,3.85,1600402145.0
503,toora-khem,RU,52.47,96.11,63.97,41.0,55.0,1.39,1600402146.0
504,bealanana,MG,-14.55,48.73,58.41,77.0,96.0,3.76,1600402146.0
505,pec,XK,42.66,20.29,55.4,76.0,40.0,2.24,1600402146.0
506,lensk,RU,60.73,114.93,58.14,56.0,60.0,3.53,1600402146.0
507,portland,US,45.52,-122.68,69.01,87.0,41.0,9.95,1600401641.0
508,chimore,BO,-16.98,-65.13,74.75,49.0,31.0,3.67,1600402147.0
509,fort nelson,CA,58.81,-122.7,51.8,87.0,75.0,3.36,1600402147.0
510,anadyr,RU,64.75,177.48,44.6,75.0,40.0,11.18,1600402147.0
511,yuryevets,RU,57.32,43.1,50.54,89.0,100.0,12.19,1600402148.0
512,ambon,ID,-3.7,128.18,87.8,70.0,40.0,5.82,1600402148.0
513,belomorsk,RU,64.52,34.77,43.52,79.0,100.0,5.95,1600402148.0
514,stepnyak,KZ,52.83,70.78,49.53,83.0,95.0,17.36,1600402149.0
515,soligalich,RU,59.08,42.29,52.5,95.0,100.0,7.76,1600402149.0
516,buritis,BR,-15.62,-46.42,68.85,42.0,1.0,0.67,1600402149.0
517,nosy varika,MG,-20.58,48.53,67.21,79.0,3.0,3.6,1600402150.0
518,black forest,US,39.01,-104.7,61.0,50.0,20.0,5.82,1600402150.0
519,yaan,NG,7.38,8.57,71.73,98.0,91.0,3.71,1600402150.0
520,laranjeiras do sul,BR,-25.41,-52.42,53.31,98.0,56.0,1.7,1600402150.0
521,ovruch,UA,51.32,28.8,45.18,77.0,0.0,13.09,1600402151.0
522,dixon,US,38.45,-121.82,77.0,46.0,1.0,6.93,1600402151.0
523,yuzhnouralsk,RU,54.44,61.25,46.27,73.0,38.0,9.55,1600402151.0
524,tual,ID,-5.67,132.75,80.01,84.0,62.0,10.16,1600402152.0
525,massaguet,TD,12.48,15.44,77.0,88.0,20.0,8.05,1600402152.0
526,honiara,SB,-9.43,159.95,86.0,66.0,75.0,18.34,1600402152.0
527,yabassi,CM,4.46,9.97,75.2,100.0,75.0,4.7,1600402153.0
528,myaundzha,RU,63.05,147.19,46.8,51.0,0.0,5.88,1600402153.0
529,maralal,KE,1.1,36.7,57.61,78.0,70.0,4.47,1600402153.0
530,svetlyy,RU,54.67,20.13,55.0,71.0,40.0,11.18,1600402153.0
531,onega,RU,63.91,38.14,37.47,88.0,25.0,9.82,1600402154.0
532,tiarei,PF,-17.53,-149.33,84.2,58.0,40.0,2.24,1600402154.0
533,lae,PG,-6.72,146.98,76.01,88.0,96.0,4.7,1600402155.0
534,la quinta,US,33.66,-116.31,102.2,7.0,1.0,11.41,1600401879.0
535,boueni,YT,-12.9,45.08,71.6,88.0,1.0,4.7,1600402155.0
536,klaksvik,FO,62.23,-6.59,51.8,93.0,90.0,10.29,1600401967.0
537,manzhouli,CN,49.6,117.43,52.02,76.0,100.0,12.26,1600402155.0
538,artyom,AZ,40.47,50.33,75.2,64.0,90.0,16.11,1600402156.0
539,yinchuan,CN,38.47,106.27,74.59,20.0,0.0,2.93,1600402156.0
540,chifeng,CN,42.27,118.96,64.92,36.0,0.0,18.79,1600402029.0
