,City,Country,Latitude,Longitude,Max Temp,Humidity,Cloud Cover,Wind Speed,Date
0,bluff,NZ,-46.6,168.33,45.0,87.0,100.0,18.01,1600309582.0
1,semey,KZ,50.41,80.23,53.6,58.0,43.0,6.71,1600309490.0
2,saint-philippe,RE,-21.36,55.77,66.2,55.0,44.0,8.05,1600309583.0
3,cocachacra,PE,-17.09,-71.76,61.47,77.0,98.0,3.78,1600309583.0
4,garissa,KE,-0.45,39.64,71.67,82.0,13.0,11.18,1600309583.0
5,san andres,CO,12.58,-81.7,80.6,83.0,75.0,4.7,1600309583.0
6,naze,JP,28.37,129.48,87.8,79.0,75.0,11.41,1600309584.0
7,busselton,AU,-33.65,115.33,55.99,59.0,0.0,10.0,1600309584.0
8,hilo,US,19.73,-155.09,84.2,62.0,20.0,9.17,1600309585.0
9,yining,CN,29.04,114.56,65.23,93.0,100.0,3.76,1600309585.0
10,puerto ayora,EC,-0.74,-90.35,66.0,93.0,79.0,4.0,1600309585.0
11,marawi,PH,8.0,124.29,81.0,80.0,97.0,1.01,1600309586.0
12,rikitea,PF,-23.12,-134.97,73.53,79.0,29.0,11.88,1600309586.0
13,merauke,ID,-8.47,140.33,84.2,72.0,41.0,17.38,1600309587.0
14,east london,ZA,-33.02,27.91,60.58,66.0,14.0,14.97,1600309587.0
15,chokurdakh,RU,70.63,147.92,42.84,71.0,95.0,5.46,1600309448.0
16,iqaluit,CA,63.75,-68.51,32.0,85.0,75.0,4.47,1600309588.0
17,kruisfontein,ZA,-34.0,24.73,53.01,74.0,0.0,8.46,1600309588.0
18,nouadhibou,MR,20.93,-17.03,77.0,78.0,39.0,9.17,1600309588.0
19,lae,PG,-6.72,146.98,77.0,88.0,90.0,11.41,1600309589.0
20,chuy,UY,-33.7,-53.46,51.35,95.0,0.0,5.3,1600309589.0
21,souillac,MU,-20.52,57.52,66.2,82.0,75.0,4.7,1600309589.0
22,hermanus,ZA,-34.42,19.23,48.99,95.0,0.0,5.53,1600309589.0
23,otjiwarongo,NA,-20.46,16.65,56.05,29.0,0.0,14.07,1600309590.0
24,praia,CV,14.92,-23.51,79.97,85.0,31.0,9.26,1600309590.0
25,hamilton,US,39.18,-84.53,66.0,93.0,1.0,1.72,1600309576.0
26,albany,US,42.6,-73.97,62.01,70.0,4.0,4.0,1600309379.0
27,allapalli,IN,19.42,80.07,79.54,90.0,8.0,2.08,1600309590.0
28,berlevag,NO,70.86,29.09,44.35,69.0,69.0,13.38,1600309591.0
29,aguadilla,PR,18.43,-67.15,80.01,83.0,1.0,11.99,1600309591.0
30,tuktoyaktuk,CA,69.45,-133.04,44.6,81.0,90.0,9.17,1600309592.0
31,de-kastri,RU,51.47,140.78,58.53,94.0,100.0,9.53,1600309592.0
32,mataura,NZ,-46.19,168.86,45.0,87.0,100.0,18.01,1600309592.0
33,graciano sanchez,MX,23.92,-99.28,79.83,62.0,63.0,3.49,1600309593.0
34,hithadhoo,MV,-0.6,73.08,82.17,79.0,99.0,13.73,1600309593.0
35,kavaratti,IN,10.57,72.64,81.39,81.0,92.0,14.63,1600309593.0
36,gberia fotombu,SL,9.88,-11.17,68.02,96.0,100.0,2.17,1600309593.0
37,bethel,US,41.37,-73.41,60.8,82.0,1.0,5.82,1600309503.0
38,buritis,BR,-15.62,-46.42,69.22,38.0,0.0,0.47,1600309594.0
39,lagoa,PT,39.05,-27.98,66.47,74.0,100.0,16.06,1600309594.0
40,carnarvon,AU,-24.87,113.63,77.0,25.0,0.0,17.22,1600309595.0
41,vardo,NO,70.37,31.11,45.34,80.0,64.0,17.56,1600309595.0
42,luderitz,NA,-26.65,15.16,55.31,61.0,0.0,14.25,1600309595.0
43,jamestown,US,42.1,-79.24,62.01,82.0,1.0,10.29,1600309593.0
44,taltal,CL,-25.4,-70.48,56.61,68.0,0.0,6.58,1600309596.0
45,coquimbo,CL,-29.95,-71.34,53.6,81.0,0.0,4.7,1600309596.0
46,ushuaia,AR,-54.8,-68.3,41.0,60.0,40.0,24.16,1600309405.0
47,atuona,PF,-9.8,-139.03,78.3,77.0,6.0,20.47,1600309597.0
48,kristiinankaupunki,FI,62.27,21.38,49.33,81.0,100.0,32.91,1600309597.0
49,vaini,TO,-21.2,-175.2,75.2,69.0,75.0,13.87,1600309597.0
50,cape town,ZA,-33.93,18.42,51.01,100.0,20.0,6.93,1600309598.0
51,hobart,AU,-42.88,147.33,55.0,46.0,20.0,16.11,1600309526.0
52,killam,CA,52.78,-111.85,55.0,67.0,0.0,1.99,1600309598.0
53,ribeira grande,PT,38.52,-28.7,66.74,62.0,59.0,12.3,1600309599.0
54,kapaa,US,22.08,-159.32,84.2,62.0,1.0,11.41,1600309600.0
55,longyearbyen,SJ,78.22,15.64,32.0,94.0,75.0,13.87,1600309360.0
56,lebu,CL,-37.62,-73.65,49.37,88.0,87.0,3.02,1600309601.0
57,port blair,IN,11.67,92.75,80.37,84.0,100.0,19.04,1600309411.0
58,fort atkinson,US,42.93,-88.84,64.0,37.0,29.0,8.81,1600309602.0
59,butaritari,KI,3.07,172.79,83.35,70.0,87.0,20.13,1600309602.0
60,kisaran,ID,2.98,99.62,85.15,70.0,21.0,1.77,1600309603.0
61,pemangkat,ID,1.17,108.97,82.13,73.0,100.0,9.48,1600309603.0
62,saldanha,ZA,-33.01,17.94,55.4,87.0,1.0,1.12,1600309604.0
63,ilulissat,GL,69.22,-51.1,37.4,86.0,100.0,9.17,1600309604.0
64,fortuna,US,40.6,-124.16,68.0,100.0,90.0,5.82,1600309604.0
65,torbay,CA,47.67,-52.73,50.0,70.0,75.0,10.29,1600309604.0
66,barrow,US,71.29,-156.79,48.2,93.0,90.0,8.05,1600309339.0
67,georgetown,MY,5.41,100.34,86.0,74.0,20.0,2.24,1600309605.0
68,isangel,VU,-19.55,169.27,82.4,61.0,75.0,9.17,1600309605.0
69,ushtobe,KZ,45.25,77.98,67.95,29.0,100.0,1.16,1600309606.0
70,esperance,AU,-33.87,121.9,53.6,87.0,75.0,19.46,1600309357.0
71,margate,GB,51.38,1.39,63.0,62.0,29.0,10.0,1600309606.0
72,tasiilaq,GL,65.61,-37.64,37.4,93.0,100.0,1.12,1600309606.0
73,hasaki,JP,35.73,140.83,86.0,74.0,75.0,2.24,1600309607.0
74,padang,ID,-0.95,100.35,83.52,62.0,50.0,3.51,1600309607.0
75,cidreira,BR,-30.18,-50.21,61.9,96.0,100.0,2.93,1600309608.0
76,guerrero negro,MX,27.98,-114.06,80.6,51.0,13.0,14.58,1600309608.0
77,ahipara,NZ,-35.17,173.17,61.3,69.0,4.0,7.96,1600309608.0
78,kuytun,RU,54.34,101.5,51.53,73.0,5.0,7.72,1600309609.0
79,alexandria,EG,31.22,29.96,77.0,88.0,0.0,5.82,1600309610.0
80,saskylakh,RU,71.92,114.08,53.56,64.0,82.0,9.86,1600309611.0
81,clyde river,CA,70.47,-68.59,30.2,92.0,1.0,3.36,1600309611.0
82,thompson,CA,55.74,-97.86,35.6,55.0,40.0,4.7,1600309594.0
83,hirara,JP,24.8,125.28,87.8,74.0,75.0,16.11,1600309612.0
84,berdigestyakh,RU,62.1,126.7,52.39,61.0,95.0,0.36,1600309612.0
85,peniche,PT,39.36,-9.38,64.0,88.0,99.0,1.99,1600309612.0
86,leningradskiy,RU,69.38,178.42,36.23,93.0,100.0,16.84,1600309613.0
87,kirakira,SB,-10.45,161.92,84.09,73.0,100.0,19.46,1600309613.0
88,nome,US,64.5,-165.41,48.99,93.0,90.0,14.99,1600309613.0
89,avarua,CK,-21.21,-159.78,77.0,65.0,15.0,8.05,1600309613.0
90,new norfolk,AU,-42.78,147.06,55.0,55.0,35.0,3.0,1600309614.0
91,mindelo,CV,16.89,-24.98,78.8,88.0,20.0,5.82,1600309614.0
92,saint-pierre,RE,-21.34,55.48,66.2,55.0,17.0,8.05,1600309614.0
93,batamshinskiy,KZ,50.56,58.27,50.0,81.0,75.0,17.9,1600309615.0
94,cap-aux-meules,CA,47.38,-61.86,59.0,67.0,40.0,21.92,1600309615.0
95,oudtshoorn,ZA,-33.59,22.2,53.6,71.0,20.0,5.82,1600309615.0
96,iberia,US,29.95,-91.75,80.6,78.0,1.0,3.36,1600309616.0
97,punta arenas,CL,-53.15,-70.92,37.4,86.0,100.0,9.17,1600309616.0
98,mogadishu,SO,2.04,45.34,77.45,84.0,82.0,13.42,1600309617.0
99,geraldton,AU,-28.77,114.6,64.4,48.0,0.0,23.04,1600309617.0
100,upernavik,GL,72.79,-56.15,32.09,89.0,100.0,3.58,1600309617.0
101,bengkulu,ID,-3.8,102.27,80.69,72.0,34.0,5.95,1600309618.0
102,santo tomas,PH,14.11,121.14,86.0,74.0,75.0,11.41,1600309618.0
103,mar del plata,AR,-38.0,-57.56,48.99,87.0,75.0,4.7,1600309454.0
104,baiyin,CN,36.56,104.21,59.0,47.0,42.0,8.95,1600309619.0
105,cherskiy,RU,68.75,161.3,42.57,72.0,73.0,14.34,1600309619.0
106,bitung,ID,1.45,125.18,87.8,58.0,20.0,3.36,1600309619.0
107,halifax,CA,44.65,-63.57,59.0,67.0,20.0,10.29,1600309505.0
108,kahului,US,20.89,-156.47,86.0,55.0,20.0,23.04,1600309495.0
109,sidney,AU,-33.87,151.21,86.0,23.0,19.0,14.99,1600309418.0
110,saint-augustin,CA,51.23,-58.65,51.53,83.0,100.0,26.31,1600309620.0
111,bilma,NE,18.69,12.92,89.87,33.0,0.0,7.31,1600309620.0
112,ponta do sol,PT,32.67,-17.1,66.99,68.0,20.0,5.82,1600309620.0
113,olafsvik,IS,64.89,-23.71,48.85,86.0,100.0,22.28,1600309621.0
114,ambilobe,MG,-13.2,49.05,65.3,79.0,0.0,4.18,1600309621.0
115,chapais,CA,49.78,-74.85,42.8,87.0,75.0,10.29,1600309621.0
116,aksarka,RU,66.56,67.8,46.38,92.0,100.0,16.4,1600309622.0
117,dikson,RU,73.51,80.55,43.07,97.0,100.0,9.69,1600309622.0
118,nuuk,GL,64.18,-51.72,39.2,76.0,100.0,2.24,1600309444.0
119,yarada,IN,17.65,83.27,82.4,94.0,75.0,2.24,1600309549.0
120,lexington,US,37.99,-84.48,68.0,100.0,1.0,4.74,1600309326.0
121,bozuyuk,TR,39.91,30.04,57.2,87.0,99.0,2.24,1600309623.0
122,airai,TL,-8.93,125.41,77.29,34.0,85.0,2.39,1600309623.0
123,san carlos,VE,9.66,-68.58,75.18,89.0,100.0,1.61,1600309623.0
124,terenos,BR,-20.44,-54.86,73.4,46.0,0.0,2.24,1600309623.0
125,dicamay,PH,16.76,122.0,84.07,77.0,99.0,1.23,1600309624.0
126,tukrah,LY,32.53,20.58,74.66,82.0,34.0,6.2,1600309624.0
127,iquique,CL,-20.22,-70.14,60.8,67.0,90.0,8.05,1600309625.0
128,port-gentil,GA,-0.72,8.78,75.72,85.0,100.0,15.28,1600309625.0
129,lithakia,GR,37.72,20.83,68.0,82.0,0.0,1.12,1600309533.0
130,lardos,GR,36.09,28.02,77.0,83.0,0.0,14.99,1600309625.0
131,castro,BR,-24.79,-50.01,65.98,69.0,100.0,2.13,1600309626.0
132,aklavik,CA,68.22,-135.01,46.4,81.0,75.0,6.93,1600309626.0
133,manta,EC,-0.95,-80.73,73.4,83.0,59.0,10.29,1600309626.0
134,pisco,PE,-13.7,-76.22,62.6,82.0,1.0,13.87,1600309581.0
135,san carlos de bariloche,AR,-41.15,-71.31,44.6,75.0,64.0,36.91,1600309627.0
136,chilakalurupet,IN,16.08,80.17,81.01,84.0,0.0,4.68,1600309627.0
137,tiksi,RU,71.69,128.87,47.59,79.0,94.0,12.24,1600309627.0
138,severo-kurilsk,RU,50.68,156.12,57.04,85.0,75.0,13.0,1600309627.0
139,victoria,HK,22.29,114.16,84.0,89.0,89.0,21.27,1600309502.0
140,pordim,BG,43.38,24.85,59.0,82.0,5.0,2.24,1600309628.0
141,laguna de perlas,NI,12.34,-83.67,81.32,80.0,33.0,5.41,1600309628.0
142,arraial do cabo,BR,-22.97,-42.03,73.4,78.0,53.0,18.34,1600309629.0
143,boguchany,RU,58.38,97.45,53.53,61.0,100.0,7.09,1600309629.0
144,jiuquan,CN,39.74,98.52,66.42,22.0,0.0,1.68,1600309629.0
145,prince rupert,CA,54.32,-130.32,64.4,59.0,1.0,9.17,1600309630.0
146,gravdal,NO,68.12,13.5,47.1,73.0,100.0,12.24,1600309630.0
147,sao jose da coroa grande,BR,-8.9,-35.15,72.81,80.0,0.0,7.94,1600309630.0
148,salalah,OM,17.02,54.09,80.6,88.0,75.0,2.24,1600309630.0
149,namatanai,PG,-3.67,152.43,86.07,68.0,23.0,7.43,1600309631.0
150,bubaque,GW,11.28,-15.83,80.02,84.0,100.0,11.48,1600309631.0
151,san ignacio,BZ,17.16,-89.07,81.0,71.0,71.0,3.11,1600309631.0
152,cookeville,US,36.16,-85.5,73.4,94.0,1.0,2.77,1600309632.0
153,ciudad bolivar,VE,8.12,-63.55,78.53,84.0,100.0,7.07,1600309632.0
154,kupang,ID,-10.17,123.58,89.6,43.0,75.0,6.93,1600309633.0
155,gorontalo,ID,0.54,123.06,84.2,62.0,92.0,3.87,1600309550.0
156,llanes,ES,43.42,-4.75,70.0,98.0,98.0,7.4,1600309633.0
157,shellbrook,CA,53.22,-106.4,46.4,52.0,75.0,4.7,1600309633.0
158,keetmanshoop,NA,-26.58,18.13,53.6,25.0,0.0,6.93,1600309633.0
159,dingzhou,CN,38.51,115.0,77.0,23.0,0.0,17.9,1600309634.0
160,kenai,US,60.55,-151.26,57.2,71.0,20.0,12.75,1600309634.0
161,beringovskiy,RU,63.05,179.32,46.42,83.0,100.0,10.51,1600309634.0
162,bulgan,MN,48.81,103.53,51.53,65.0,0.0,2.17,1600309634.0
163,port elizabeth,ZA,-33.92,25.57,55.4,76.0,0.0,13.87,1600309439.0
164,tromso,NO,69.65,18.96,42.8,75.0,20.0,10.29,1600309411.0
165,saint george,US,37.1,-113.58,93.2,9.0,1.0,8.05,1600309635.0
166,qaanaaq,GL,77.48,-69.36,16.2,76.0,0.0,5.48,1600309635.0
167,ystad,SE,55.43,13.82,46.0,81.0,0.0,5.82,1600309636.0
168,honiara,SB,-9.43,159.95,82.4,88.0,90.0,8.05,1600309637.0
169,chifeng,CN,42.27,118.96,61.16,48.0,12.0,22.93,1600309475.0
170,laguna,US,38.42,-121.42,84.2,35.0,1.0,8.05,1600309637.0
171,pangnirtung,CA,66.15,-65.71,33.39,84.0,30.0,3.94,1600309637.0
172,raudeberg,NO,61.99,5.14,44.01,86.0,99.0,5.82,1600309637.0
173,meulaboh,ID,4.14,96.13,81.52,75.0,56.0,3.85,1600309638.0
174,yellowknife,CA,62.46,-114.35,42.01,69.0,40.0,5.82,1600309639.0
175,qandala,SO,11.47,49.87,88.5,57.0,1.0,0.27,1600309639.0
176,grand gaube,MU,-20.01,57.66,64.99,81.0,29.0,5.01,1600309640.0
177,comodoro rivadavia,AR,-45.87,-67.5,57.2,44.0,100.0,43.62,1600309640.0
178,coihaique,CL,-45.58,-72.07,44.6,87.0,90.0,3.36,1600309641.0
179,kiama,AU,-34.68,150.87,84.99,62.0,29.0,7.0,1600309641.0
180,ferrol,ES,43.48,-8.24,66.0,93.0,0.0,2.24,1600309642.0
181,muli,MV,2.92,73.57,82.44,76.0,100.0,9.53,1600309642.0
182,novobohdanivka,UA,47.08,35.33,60.42,65.0,0.0,7.76,1600309643.0
183,babati,TZ,-4.22,35.75,59.41,85.0,29.0,1.9,1600309643.0
184,tura,IN,25.52,90.22,75.33,97.0,100.0,5.28,1600309644.0
185,lompoc,US,34.64,-120.46,60.01,93.0,20.0,5.82,1600309644.0
186,imbituba,BR,-28.24,-48.67,66.2,93.0,75.0,4.7,1600309644.0
187,kindu,CD,-2.95,25.95,70.52,94.0,100.0,1.66,1600309644.0
188,tuatapere,NZ,-46.13,167.68,45.0,87.0,100.0,18.01,1600309645.0
189,hovd,MN,48.01,91.64,58.5,35.0,0.0,1.74,1600309645.0
190,abha,SA,18.22,42.51,64.4,45.0,0.0,1.12,1600309645.0
191,zyryanka,RU,65.75,150.85,44.65,65.0,99.0,7.85,1600309645.0
192,barabinsk,RU,55.36,78.36,49.68,60.0,53.0,12.1,1600309646.0
193,dhidhdhoo,MV,6.88,73.1,82.33,75.0,95.0,11.92,1600309646.0
194,boromo,BF,11.75,-2.93,76.93,84.0,100.0,5.06,1600309646.0
195,santa cruz del sur,CU,20.71,-78.0,80.51,78.0,20.0,7.11,1600309647.0
196,matara,LK,5.95,80.54,80.17,85.0,68.0,10.51,1600309647.0
197,dakar,SN,14.69,-17.44,78.8,94.0,20.0,6.93,1600309647.0
198,pevek,RU,69.7,170.31,36.57,95.0,100.0,14.36,1600309648.0
199,hualmay,PE,-11.1,-77.61,60.06,84.0,35.0,7.49,1600309648.0
200,maldonado,UY,-34.67,-54.92,53.6,87.0,4.0,0.83,1600309650.0
201,bowen,AU,-20.02,148.23,78.8,57.0,40.0,17.22,1600309650.0
202,pangody,RU,65.85,74.49,48.52,88.0,95.0,13.62,1600309650.0
203,ginir,ET,7.13,40.7,60.13,75.0,2.0,3.42,1600309651.0
204,belaya gora,RU,68.53,146.42,43.61,81.0,100.0,6.87,1600309651.0
205,teseney,ER,15.11,36.66,73.2,73.0,85.0,8.23,1600309652.0
206,tahe,CN,52.33,124.73,52.47,95.0,100.0,8.77,1600309652.0
207,san patricio,MX,19.22,-104.7,80.24,81.0,100.0,4.03,1600309653.0
208,caravelas,BR,-17.71,-39.25,68.83,82.0,0.0,5.37,1600309653.0
209,flinders,AU,-34.58,150.86,84.99,43.0,32.0,4.0,1600309653.0
210,yenagoa,NG,4.92,6.26,74.75,91.0,100.0,4.21,1600309653.0
211,kahna nau,PK,31.37,74.37,82.4,78.0,40.0,3.36,1600309570.0
212,klaksvik,FO,62.23,-6.59,50.0,93.0,100.0,16.11,1600309654.0
213,ransang,PH,8.96,117.58,79.27,87.0,100.0,15.75,1600309654.0
214,bredasdorp,ZA,-34.53,20.04,50.0,87.0,0.0,5.82,1600309655.0
215,richards bay,ZA,-28.78,32.04,66.56,74.0,39.0,14.61,1600309655.0
216,balaipungut,ID,1.05,101.28,82.4,74.0,100.0,2.91,1600309655.0
217,nikolskoye,RU,59.7,30.79,55.4,82.0,90.0,6.71,1600309656.0
218,nijar,ES,36.97,-2.21,75.2,94.0,87.0,1.12,1600309656.0
219,zhanaozen,KZ,43.3,52.8,53.55,50.0,0.0,8.28,1600309656.0
220,ostersund,SE,63.18,14.64,39.2,80.0,2.0,10.29,1600309656.0
221,ostrovnoy,RU,68.05,39.51,40.12,82.0,92.0,3.09,1600309657.0
222,north platte,US,41.12,-100.77,60.01,71.0,1.0,4.7,1600309657.0
223,havoysund,NO,71.0,24.66,42.8,75.0,75.0,14.99,1600309658.0
224,qaqortoq,GL,60.72,-46.03,41.0,93.0,75.0,10.29,1600309659.0
225,minot,US,48.23,-101.3,55.4,54.0,90.0,3.06,1600309480.0
226,patharia,IN,23.9,79.2,81.34,78.0,23.0,2.89,1600309659.0
227,talaya,RU,61.38,152.75,43.57,63.0,100.0,8.01,1600309660.0
228,marzuq,YE,14.4,46.47,77.25,39.0,0.0,0.4,1600309660.0
229,saint anthony,US,45.02,-93.22,59.0,58.0,1.0,3.36,1600309661.0
230,la ronge,CA,55.1,-105.28,37.4,62.0,40.0,2.82,1600309661.0
231,lumby,CA,50.25,-118.97,66.99,72.0,1.0,3.36,1600309661.0
232,vostochnyy,RU,55.82,37.87,55.4,71.0,75.0,8.95,1600309661.0
233,mikuni,JP,36.22,136.15,86.0,58.0,75.0,6.93,1600309662.0
234,mgandu,TZ,-5.95,34.13,60.15,63.0,0.0,9.37,1600309662.0
235,lumut,MY,4.23,100.63,84.2,83.0,20.0,3.36,1600309662.0
236,gejiu,CN,23.31,103.16,66.78,92.0,48.0,1.16,1600309663.0
237,lavrentiya,RU,65.58,-171.0,43.16,93.0,99.0,8.79,1600309663.0
238,sumenep,ID,-7.02,113.87,85.32,56.0,9.0,11.61,1600309664.0
239,carutapera,BR,-1.2,-46.02,77.61,85.0,0.0,7.4,1600309664.0
240,rudnogorsk,RU,57.26,103.75,53.22,62.0,0.0,3.38,1600309664.0
241,gijon,ES,43.54,-5.66,68.0,94.0,91.0,5.82,1600309665.0
242,baker,US,30.59,-91.17,80.01,74.0,1.0,5.41,1600309665.0
243,kerrville,US,30.05,-99.14,73.99,88.0,1.0,9.64,1600309666.0
244,port alfred,ZA,-33.59,26.89,57.56,75.0,0.0,16.78,1600309666.0
245,vestmannaeyjar,IS,63.44,-20.27,51.39,88.0,100.0,13.0,1600309666.0
246,krasnoselkup,RU,65.7,82.47,51.42,88.0,100.0,18.75,1600309666.0
247,paamiut,GL,61.99,-49.67,39.85,84.0,100.0,12.97,1600309667.0
248,nsoko,SZ,-27.03,31.95,62.83,76.0,0.0,4.34,1600309667.0
249,swan hill,AU,-35.34,143.55,69.31,53.0,100.0,14.25,1600309612.0
250,aden,YE,12.78,45.04,87.04,84.0,0.0,7.9,1600309667.0
251,fairbanks,US,64.84,-147.72,57.2,58.0,75.0,5.82,1600309605.0
252,sibolga,ID,1.74,98.78,82.8,71.0,96.0,0.63,1600309668.0
253,sao filipe,CV,14.9,-24.5,80.37,83.0,18.0,3.74,1600309669.0
254,namibe,AO,-15.2,12.15,61.48,70.0,0.0,7.83,1600309669.0
255,nikolayevskaya,RU,47.61,41.5,50.68,53.0,0.0,4.94,1600309528.0
256,beira,MZ,-19.84,34.84,69.8,100.0,90.0,1.12,1600309669.0
257,pedasi,PA,7.53,-80.03,79.36,85.0,82.0,13.18,1600309670.0
258,sitka,US,57.05,-135.33,59.0,72.0,75.0,3.36,1600309670.0
259,khatanga,RU,71.97,102.5,52.99,73.0,7.0,4.97,1600309671.0
260,okhotsk,RU,59.38,143.3,56.12,53.0,0.0,10.13,1600309671.0
261,walvis bay,NA,-22.96,14.51,50.0,93.0,0.0,11.41,1600309671.0
262,satis,RU,54.92,43.23,41.74,91.0,28.0,4.68,1600309671.0
263,galle,LK,6.04,80.22,80.62,83.0,54.0,11.95,1600309672.0
264,ugoofaaru,MV,5.67,73.0,82.04,75.0,62.0,9.46,1600309672.0
265,northam,GB,51.03,-4.22,60.01,92.0,9.0,7.0,1600309672.0
266,rundu,NA,-17.93,19.77,62.74,28.0,0.0,5.01,1600309673.0
267,tual,ID,-5.67,132.75,79.83,82.0,99.0,16.71,1600309673.0
268,medianeira,BR,-25.3,-54.09,71.6,68.0,97.0,16.11,1600309399.0
269,kavieng,PG,-2.57,150.8,84.52,77.0,80.0,12.86,1600309673.0
270,oussouye,SN,12.48,-16.55,78.62,89.0,100.0,8.43,1600309673.0
271,bad neuenahr-ahrweiler,DE,50.55,7.1,63.0,73.0,45.0,3.0,1600309674.0
272,assiniboia,CA,49.63,-105.98,54.39,47.0,0.0,5.7,1600309674.0
273,manggar,ID,-2.88,108.27,84.47,67.0,85.0,14.07,1600309674.0
274,adrar,MR,20.5,-10.07,94.6,14.0,0.0,6.04,1600309674.0
275,mahebourg,MU,-20.41,57.7,66.2,82.0,75.0,4.7,1600309675.0
276,waingapu,ID,-9.66,120.26,85.71,50.0,0.0,8.97,1600309675.0
277,niono,ML,14.25,-5.99,79.63,61.0,100.0,6.96,1600309675.0
278,tocopilla,CL,-22.09,-70.2,60.48,58.0,11.0,8.66,1600309676.0
279,pandan,PH,14.05,124.17,81.12,81.0,100.0,12.97,1600309676.0
280,mitsamiouli,KM,-11.38,43.28,75.78,79.0,9.0,7.54,1600309676.0
281,kondrovo,RU,54.81,35.93,55.4,93.0,100.0,8.95,1600309676.0
282,belyy yar,RU,53.6,91.39,50.0,93.0,98.0,4.41,1600309677.0
283,vondrozo,MG,-22.82,47.28,52.88,100.0,3.0,1.32,1600309677.0
284,jaque,PA,7.52,-78.17,77.34,84.0,40.0,6.11,1600309677.0
285,shirokiy,RU,49.76,129.52,59.45,93.0,100.0,10.25,1600309678.0
286,naushki,RU,50.38,106.11,52.84,66.0,0.0,2.64,1600309678.0
287,goderich,CA,43.75,-81.72,63.0,79.0,100.0,14.2,1600309657.0
288,koshki,RU,54.21,50.47,46.44,81.0,95.0,13.87,1600309679.0
289,samarai,PG,-10.62,150.67,80.24,85.0,58.0,15.97,1600309679.0
290,mucurici,BR,-18.09,-40.52,67.03,81.0,0.0,5.21,1600309679.0
291,gweru,ZW,-19.45,29.82,62.56,54.0,1.0,6.55,1600309679.0
292,norman wells,CA,65.28,-126.83,48.2,70.0,75.0,3.36,1600309680.0
293,steamboat springs,US,40.48,-106.83,64.4,23.0,1.0,3.36,1600309485.0
294,santa maria,BR,-29.68,-53.81,60.8,100.0,40.0,4.7,1600309680.0
295,siaya,KE,0.06,34.29,63.21,77.0,8.0,5.21,1600309564.0
296,shingu,JP,33.73,135.98,82.4,83.0,75.0,8.05,1600309681.0
297,general pico,AR,-35.66,-63.76,56.37,52.0,0.0,3.91,1600309682.0
298,avera,US,33.19,-82.53,69.8,95.0,90.0,9.17,1600309682.0
299,lakhipur,IN,26.03,90.3,80.91,88.0,97.0,3.51,1600309683.0
300,broken hill,AU,-31.95,141.43,87.8,18.0,92.0,16.11,1600309683.0
301,dingle,PH,11.0,122.67,82.13,83.0,100.0,10.83,1600309683.0
302,tessalit,ML,20.2,1.01,89.26,17.0,0.0,4.74,1600309683.0
303,san cristobal,VE,7.77,-72.22,65.84,93.0,76.0,2.17,1600309684.0
304,atbasar,KZ,51.8,68.33,46.31,85.0,100.0,20.56,1600309684.0
305,faanui,PF,-16.48,-151.75,79.05,76.0,2.0,14.54,1600309684.0
306,shimoda,JP,34.67,138.95,78.8,83.0,75.0,2.24,1600309685.0
307,champerico,GT,14.3,-91.92,69.01,96.0,100.0,3.91,1600309685.0
308,kihei,US,20.79,-156.47,86.0,55.0,20.0,23.04,1600309685.0
309,tra vinh,VN,9.93,106.35,83.73,78.0,100.0,10.78,1600309685.0
310,leshukonskoye,RU,64.9,45.76,34.47,95.0,65.0,2.48,1600309686.0
311,erzin,TR,36.96,36.2,80.01,87.0,9.0,1.07,1600309686.0
312,hay river,CA,60.82,-115.8,44.6,70.0,75.0,5.82,1600309639.0
313,tazovskiy,RU,67.47,78.7,47.52,90.0,100.0,14.94,1600309686.0
314,alta floresta,BR,-9.88,-56.09,77.0,28.0,1.0,2.28,1600309687.0
315,nishihara,JP,26.18,127.76,87.8,74.0,75.0,13.87,1600309687.0
316,anadyr,RU,64.75,177.48,46.4,81.0,75.0,4.47,1600309688.0
317,muroto,JP,33.28,134.15,78.8,88.0,75.0,2.24,1600309688.0
318,satipo,PE,-11.25,-74.64,73.08,61.0,40.0,2.1,1600309688.0
319,petrozavodsk,RU,61.78,34.35,51.8,93.0,100.0,6.71,1600309398.0
320,brainerd,US,46.36,-94.2,48.99,70.0,1.0,6.93,1600309678.0
321,toora-khem,RU,52.47,96.11,51.89,52.0,0.0,2.68,1600309688.0
322,nanortalik,GL,60.14,-45.24,39.43,84.0,58.0,16.93,1600309689.0
323,rawson,AR,-43.3,-65.1,60.15,37.0,96.0,18.95,1600309689.0
324,fairview,US,40.81,-74.0,69.01,68.0,1.0,12.06,1600309689.0
325,komsomolskiy,UZ,40.43,71.72,62.6,51.0,0.0,4.7,1600309690.0
326,lerwick,GB,60.15,-1.15,48.2,81.0,20.0,11.41,1600309690.0
327,qasigiannguit,GL,68.82,-51.19,37.4,86.0,100.0,9.17,1600309691.0
328,hare bay,CA,48.85,-54.01,50.0,76.0,90.0,11.41,1600309691.0
329,kodiak,US,57.79,-152.41,51.8,87.0,90.0,8.05,1600309630.0
330,provideniya,RU,64.38,-173.3,51.8,71.0,75.0,6.71,1600309691.0
331,golakganj,IN,26.1,89.83,79.92,90.0,99.0,7.29,1600309692.0
332,cabedelo,BR,-6.98,-34.83,73.4,94.0,20.0,4.7,1600309693.0
333,solnechnyy,RU,50.72,136.63,55.96,91.0,100.0,3.29,1600309693.0
334,baruun-urt,MN,46.68,113.28,54.55,52.0,72.0,13.15,1600309693.0
335,praxedis guerrero,MX,31.37,-106.02,82.4,24.0,20.0,1.72,1600309693.0
336,atar,MR,20.52,-13.05,93.74,21.0,0.0,4.52,1600309694.0
337,jacksonville,US,30.33,-81.66,78.01,94.0,1.0,3.36,1600309414.0
338,constitucion,CL,-35.33,-72.42,53.53,86.0,48.0,10.09,1600309694.0
339,dengfeng,CN,34.46,113.03,71.73,38.0,100.0,4.94,1600309694.0
340,la marque,US,29.37,-94.97,87.8,66.0,75.0,3.36,1600309503.0
341,severo-yeniseyskiy,RU,60.37,93.04,49.75,81.0,100.0,7.2,1600309695.0
342,nieuw amsterdam,SR,5.88,-55.08,80.01,86.0,73.0,6.51,1600309695.0
343,glenwood springs,US,39.55,-107.32,61.0,23.0,1.0,4.7,1600309695.0
344,riyadh,SA,24.69,46.72,77.0,29.0,0.0,1.07,1600309647.0
345,bandarbeyla,SO,9.49,50.81,77.22,75.0,7.0,26.22,1600309696.0
346,asau,RO,46.43,26.4,55.99,87.0,0.0,3.78,1600309696.0
347,shache,CN,38.42,77.24,66.69,25.0,55.0,6.58,1600309696.0
348,kaitangata,NZ,-46.28,169.85,46.0,73.0,100.0,10.0,1600309696.0
349,kununurra,AU,-15.77,128.73,89.6,49.0,36.0,4.7,1600309398.0
350,aquiraz,BR,-3.9,-38.39,80.6,78.0,75.0,10.29,1600309697.0
351,mount gambier,AU,-37.83,140.77,57.2,76.0,90.0,14.99,1600309697.0
352,lorengau,PG,-2.02,147.27,85.64,71.0,48.0,12.28,1600309697.0
353,ossora,RU,59.24,163.07,51.89,59.0,44.0,5.03,1600309698.0
354,fortuna foothills,US,32.66,-114.41,102.99,10.0,1.0,5.82,1600309698.0
355,moctezuma,MX,29.8,-109.67,80.98,32.0,0.0,1.14,1600309698.0
356,tailai,CN,46.38,123.4,54.5,89.0,100.0,11.21,1600309698.0
357,luanda,AO,-8.84,13.23,71.6,88.0,75.0,5.82,1600309699.0
358,sur,OM,22.57,59.53,80.46,68.0,0.0,2.37,1600309699.0
359,almaty,KZ,43.25,76.95,64.4,42.0,75.0,2.24,1600309699.0
360,madingou,CG,-4.15,13.55,75.42,77.0,86.0,4.56,1600309699.0
361,machaneng,BW,-23.19,27.49,63.7,56.0,0.0,4.27,1600309700.0
362,egvekinot,RU,66.32,-179.17,41.09,85.0,100.0,12.55,1600309700.0
363,susanville,US,40.42,-120.65,77.0,12.0,1.0,11.41,1600309700.0
364,leeton,AU,-34.57,146.4,84.99,36.0,86.0,3.36,1600309701.0
365,xingcheng,CN,40.62,120.72,69.33,43.0,0.0,16.96,1600309701.0
366,ixtapa,MX,20.7,-105.2,81.0,88.0,75.0,1.14,1600309701.0
367,baculin,PH,7.45,126.58,77.23,84.0,100.0,3.74,1600309701.0
368,plateros,MX,23.22,-102.85,62.76,79.0,100.0,10.42,1600309702.0
369,te anau,NZ,-45.42,167.72,47.01,89.0,100.0,4.23,1600309702.0
370,bathsheba,BB,13.22,-59.52,80.6,88.0,20.0,5.82,1600309702.0
371,koumac,NC,-20.57,164.28,74.89,71.0,68.0,7.14,1600309703.0
372,orange cove,US,36.62,-119.31,81.0,50.0,20.0,3.36,1600309703.0
373,korla,CN,41.76,86.15,66.99,80.0,0.0,6.04,1600309703.0
374,seoul,KR,37.57,126.98,73.4,46.0,75.0,6.44,1600309703.0
375,anloga,GH,5.79,0.9,77.0,88.0,75.0,10.29,1600309704.0
376,cockburn town,TC,21.46,-71.14,84.02,76.0,0.0,13.78,1600309704.0
377,ambon,ID,-3.7,128.18,80.56,78.0,64.0,6.35,1600309704.0
378,padampur,IN,29.68,73.62,92.37,41.0,0.0,3.33,1600309705.0
379,moron,AR,-34.65,-58.62,57.0,78.0,0.0,3.78,1600309650.0
380,rio gallegos,AR,-51.62,-69.22,46.4,52.0,75.0,19.46,1600309705.0
381,mutoko,ZW,-17.4,32.23,61.3,63.0,0.0,3.78,1600309706.0
382,charters towers,AU,-20.1,146.27,82.96,43.0,1.0,15.3,1600309706.0
383,swift current,CA,50.28,-107.8,48.2,57.0,1.0,8.05,1600309508.0
384,pacific grove,US,36.62,-121.92,68.0,92.0,30.0,3.0,1600309631.0
385,lakselv,NO,70.05,24.97,37.4,86.0,5.0,18.34,1600309707.0
386,oksfjord,NO,70.24,22.35,42.8,86.0,97.0,3.36,1600309707.0
387,ucluelet,CA,48.93,-125.55,63.0,93.0,90.0,4.7,1600309649.0
388,necochea,AR,-38.55,-58.74,45.0,97.0,15.0,8.99,1600309708.0
389,goyty,RU,43.16,45.62,55.4,58.0,0.0,4.47,1600309708.0
390,guia lopes da laguna,BR,-21.46,-56.11,81.16,32.0,51.0,2.98,1600309708.0
391,barahona,DO,18.21,-71.1,79.68,77.0,1.0,2.51,1600309709.0
392,sungai besar,MY,3.67,100.99,84.2,83.0,20.0,3.36,1600309709.0
393,rocha,UY,-34.48,-54.33,47.5,94.0,49.0,3.33,1600309709.0
394,buala,SB,-8.14,159.59,84.51,75.0,100.0,15.48,1600309710.0
395,lucapa,AO,-8.42,20.74,68.76,85.0,67.0,5.55,1600309710.0
396,skelleftea,SE,64.75,20.95,48.0,75.0,98.0,18.34,1600309710.0
397,newport,GB,51.59,-3.0,61.0,88.0,88.0,1.99,1600309710.0
398,mahibadhoo,MV,3.78,72.97,81.79,78.0,80.0,11.72,1600309710.0
399,miles city,US,46.41,-105.84,60.8,51.0,1.0,13.87,1600309711.0
400,banda aceh,ID,5.56,95.32,82.54,69.0,100.0,13.62,1600309711.0
401,vinhedo,BR,-23.03,-46.98,71.6,68.0,12.0,16.11,1600309711.0
402,flagstaff,US,35.2,-111.65,64.4,15.0,1.0,6.96,1600309712.0
403,arteaga,MX,18.47,-102.42,65.75,100.0,72.0,3.76,1600309712.0
404,alofi,NU,-19.06,-169.92,77.0,73.0,75.0,21.92,1600309445.0
405,roald,NO,62.58,6.13,44.6,87.0,44.0,11.41,1600309712.0
406,zdvinsk,RU,54.7,78.66,51.06,53.0,94.0,11.9,1600309712.0
407,tilichiki,RU,60.47,166.1,51.1,63.0,25.0,3.2,1600309713.0
408,kyzyl-suu,KG,42.34,78.0,60.19,40.0,0.0,4.07,1600309713.0
409,harper,LR,4.38,-7.72,75.0,89.0,97.0,12.55,1600309646.0
410,hobyo,SO,5.35,48.53,77.41,85.0,58.0,21.5,1600309713.0
411,novikovo,RU,51.15,37.89,53.01,50.0,19.0,6.15,1600309713.0
412,paita,PE,-5.09,-81.11,62.13,86.0,23.0,11.43,1600309714.0
413,hami,CN,42.8,93.45,73.63,20.0,0.0,5.08,1600309714.0
414,bend,US,44.06,-121.32,71.6,26.0,90.0,8.05,1600309427.0
415,manadhoo,MV,5.77,73.38,82.17,75.0,56.0,9.37,1600309714.0
416,karatau,KZ,43.17,70.47,59.92,36.0,78.0,11.05,1600309715.0
417,muskogee,US,35.58,-95.33,73.0,73.0,1.0,5.82,1600309715.0
418,aborlan,PH,9.44,118.55,84.2,74.0,75.0,9.17,1600309715.0
419,borogontsy,RU,62.67,131.17,54.81,48.0,0.0,3.18,1600309716.0
420,kalmunai,LK,7.42,81.82,81.54,71.0,100.0,5.84,1600309716.0
421,galveston,US,29.37,-94.97,87.8,66.0,75.0,3.36,1600309503.0
422,poum,NC,-20.23,164.02,74.08,77.0,51.0,14.23,1600309716.0
423,parrita,CR,9.52,-84.32,69.8,100.0,40.0,2.24,1600309717.0
424,svetlyy,RU,54.67,20.13,55.4,93.0,75.0,15.66,1600309717.0
425,evanston,US,42.04,-87.69,72.0,73.0,90.0,6.93,1600309718.0
426,bonavista,CA,48.65,-53.11,52.81,63.0,58.0,18.28,1600309718.0
427,russell,US,32.35,-85.2,71.6,88.0,90.0,17.22,1600309718.0
428,naryan-mar,RU,67.67,53.09,41.5,88.0,94.0,7.16,1600309719.0
429,ila,NO,63.43,10.37,45.0,82.0,44.0,1.01,1600309719.0
430,tiznit,MA,29.58,-9.5,80.78,35.0,100.0,3.09,1600309720.0
431,narsaq,GL,60.92,-46.05,41.0,93.0,75.0,10.29,1600309720.0
432,sinop,TR,41.77,34.87,60.84,49.0,0.0,6.06,1600309720.0
433,ocampo,MX,21.65,-101.5,60.12,82.0,28.0,11.07,1600309720.0
434,poronaysk,RU,49.22,143.12,63.07,91.0,100.0,8.28,1600309720.0
435,mareeba,AU,-17.0,145.43,75.99,76.0,82.0,8.99,1600309721.0
436,eureka,US,40.8,-124.16,68.0,100.0,97.0,0.89,1600309715.0
437,alyangula,AU,-13.85,136.42,91.4,38.0,28.0,11.41,1600309721.0
438,road town,VG,18.42,-64.62,84.0,82.0,0.0,14.0,1600309721.0
439,antalaha,MG,-14.9,50.28,65.84,84.0,0.0,6.76,1600309721.0
440,milkovo,RU,54.72,158.62,58.77,50.0,100.0,5.26,1600309722.0
441,sabang,ID,5.89,95.32,83.01,72.0,100.0,20.13,1600309722.0
442,conceicao do araguaia,BR,-8.26,-49.26,81.16,28.0,0.0,2.17,1600309722.0
443,biloela,AU,-24.42,150.5,80.33,32.0,0.0,6.96,1600309723.0
444,wanning,CN,18.8,110.4,85.82,77.0,85.0,10.33,1600309723.0
445,port hedland,AU,-20.32,118.57,96.8,13.0,0.0,6.93,1600309723.0
446,novobirilyussy,RU,56.95,90.67,56.79,86.0,100.0,7.76,1600309723.0
447,dunedin,NZ,-45.87,170.5,54.0,65.0,100.0,5.01,1600309723.0
448,yatou,CN,37.15,122.38,71.56,62.0,100.0,9.93,1600309724.0
449,sahuaripa,MX,29.05,-109.23,81.34,38.0,4.0,2.04,1600309724.0
450,zhob,PK,31.34,69.45,74.37,19.0,0.0,3.56,1600309724.0
451,bilibino,RU,68.05,166.44,39.0,89.0,100.0,1.97,1600309725.0
452,gallup,US,35.53,-108.74,72.0,14.0,1.0,4.7,1600309725.0
453,kloulklubed,PW,7.04,134.26,78.8,88.0,90.0,3.36,1600309725.0
454,finnsnes,NO,69.23,17.98,37.0,78.0,100.0,11.41,1600309726.0
455,cabo san lucas,MX,22.89,-109.91,84.99,83.0,20.0,11.41,1600309727.0
456,saurimo,AO,-9.66,20.39,66.15,84.0,89.0,3.98,1600309727.0
457,sandpoint,US,48.28,-116.55,66.0,72.0,1.0,1.36,1600309687.0
458,praia da vitoria,PT,38.73,-27.07,66.2,88.0,75.0,17.05,1600309727.0
459,ponta delgada,PT,37.73,-25.67,64.4,72.0,40.0,11.41,1600309728.0
460,mucurapo,TT,10.67,-61.53,81.0,83.0,20.0,7.7,1600309728.0
461,emerald,AU,-23.53,148.17,82.4,34.0,40.0,12.75,1600309728.0
462,san luis,AR,-33.3,-66.34,57.92,36.0,0.0,9.55,1600309728.0
463,rodionovo-nesvetayskaya,RU,47.61,39.71,48.2,61.0,0.0,2.24,1600309728.0
464,lovozero,RU,68.0,35.01,35.4,87.0,100.0,1.28,1600309730.0
465,zyryanovsk,KZ,49.74,84.27,61.03,40.0,100.0,2.33,1600309730.0
466,fortaleza,BR,-3.72,-38.52,80.6,78.0,75.0,10.29,1600309730.0
467,mnogovershinnyy,RU,53.94,139.92,56.17,64.0,98.0,7.61,1600309731.0
468,inta,RU,66.03,60.17,44.42,88.0,100.0,13.38,1600309731.0
469,plettenberg bay,ZA,-34.05,23.37,53.67,81.0,25.0,6.76,1600309731.0
470,christchurch,NZ,-43.53,172.63,68.0,37.0,32.0,29.97,1600309599.0
471,kesinga,IN,20.2,83.23,80.83,82.0,83.0,3.44,1600309731.0
472,mineiros,BR,-17.57,-52.55,72.81,32.0,0.0,3.91,1600309732.0
473,conakry,GN,9.54,-13.68,79.66,83.0,100.0,7.36,1600309732.0
474,aykhal,RU,66.0,111.5,55.4,43.0,7.0,2.24,1600309732.0
475,khani,GE,41.96,42.96,66.2,93.0,5.0,2.24,1600309732.0
476,lakes entrance,AU,-37.88,147.98,57.99,80.0,100.0,1.01,1600309734.0
477,havelock,US,34.88,-76.9,75.99,78.0,1.0,6.93,1600309537.0
478,bosaso,SO,11.28,49.18,90.57,49.0,0.0,11.97,1600309734.0
479,muravlenko,RU,63.79,74.52,49.33,94.0,100.0,14.36,1600309734.0
480,haines junction,CA,60.75,-137.51,52.45,48.0,100.0,1.23,1600309735.0
481,manzanillo,CU,20.34,-77.12,78.71,83.0,0.0,3.56,1600309735.0
482,arkadelphia,US,34.12,-93.05,75.2,94.0,20.0,5.64,1600309735.0
483,kamaishi,JP,39.27,141.88,75.2,78.0,75.0,10.29,1600309736.0
484,kyaukse,MM,21.6,96.13,86.0,74.0,75.0,5.82,1600309736.0
485,khatra,IN,22.98,86.85,84.34,78.0,54.0,5.17,1600309736.0
486,carroll,US,39.55,-77.02,60.01,92.0,38.0,5.08,1600309737.0
487,mangochi,MW,-14.48,35.26,73.67,46.0,0.0,3.33,1600309737.0
488,pemba,MZ,-12.97,40.52,71.6,88.0,75.0,4.7,1600309737.0
489,sande,DE,53.5,8.01,53.6,76.0,0.0,5.82,1600309738.0
490,kansk,RU,56.2,95.72,57.0,69.0,100.0,3.78,1600309738.0
491,novyy urengoy,RU,66.08,76.63,48.74,87.0,86.0,14.97,1600309559.0
492,poya,NC,-21.35,165.15,75.9,65.0,65.0,6.87,1600309738.0
493,tingi,TZ,-11.3,35.03,63.28,63.0,14.0,8.5,1600309739.0
494,vila velha,BR,-20.33,-40.29,68.0,94.0,0.0,3.36,1600309739.0
495,florida,US,28.75,-82.5,78.01,100.0,40.0,3.36,1600309463.0
496,jacmel,HT,18.23,-72.53,79.3,81.0,1.0,2.86,1600309739.0
497,stranda,NO,62.31,6.94,39.0,95.0,32.0,5.32,1600309740.0
498,akyab,MM,20.15,92.9,84.04,78.0,81.0,3.31,1600309741.0
499,bairiki,KI,1.33,172.98,87.8,62.0,75.0,14.99,1600309741.0
500,davila,PH,18.47,120.58,87.8,79.0,40.0,5.82,1600309742.0
501,madison,US,34.73,-86.57,71.01,94.0,90.0,8.05,1600309742.0
502,winnemucca,US,40.97,-117.74,75.2,11.0,1.0,8.05,1600309598.0
503,vanimo,PG,-2.67,141.3,82.11,82.0,85.0,12.21,1600309743.0
504,labuhan,ID,-6.88,112.21,84.56,57.0,0.0,4.76,1600309743.0
505,los llanos de aridane,ES,28.66,-17.92,75.2,83.0,47.0,10.29,1600309744.0
506,casas grandes,MX,30.37,-107.95,73.99,31.0,1.0,3.0,1600309744.0
507,acapulco,MX,16.86,-99.89,80.6,83.0,90.0,2.75,1600309679.0
508,san martin,AR,-33.08,-68.47,60.8,41.0,0.0,3.36,1600309744.0
509,takoradi,GH,4.88,-1.76,74.86,89.0,91.0,11.83,1600309744.0
510,vodnyy,RU,63.5,53.41,36.27,91.0,42.0,5.61,1600309745.0
511,kysyl-syr,RU,63.9,122.76,53.38,60.0,0.0,1.68,1600309745.0
512,ozernovskiy,RU,51.5,156.52,54.75,93.0,100.0,8.88,1600309745.0
513,muyezerskiy,RU,63.93,31.65,44.87,94.0,100.0,17.76,1600309745.0
514,ashti,IN,19.38,76.23,77.31,88.0,39.0,9.06,1600309746.0
515,kudahuvadhoo,MV,2.67,72.89,82.31,76.0,100.0,11.12,1600309746.0
516,sao joao da barra,BR,-21.64,-41.05,72.28,83.0,8.0,16.02,1600309746.0
517,high level,CA,58.52,-117.14,51.8,71.0,75.0,3.36,1600309746.0
518,port-cartier,CA,50.03,-66.87,46.99,100.0,90.0,5.82,1600309746.0
519,isiro,CD,2.77,27.62,65.79,97.0,33.0,1.92,1600309747.0
520,dindori,IN,22.95,81.08,77.94,83.0,100.0,2.53,1600309747.0
521,mao,ES,39.89,4.27,69.8,83.0,2.0,4.7,1600309747.0
522,huangmei,CN,30.19,116.03,66.83,94.0,100.0,4.41,1600309748.0
523,gurupi,BR,-11.73,-49.07,77.63,31.0,0.0,2.91,1600309748.0
524,biltine,TD,14.53,20.92,83.12,55.0,70.0,8.46,1600309748.0
525,buin,CL,-33.73,-70.75,60.01,72.0,0.0,3.36,1600309748.0
526,capreol,CA,46.71,-80.92,53.01,76.0,75.0,4.7,1600309749.0
527,saint-leu,RE,-21.15,55.28,66.2,55.0,23.0,8.05,1600309749.0
528,porto novo,BJ,6.5,2.6,77.0,94.0,40.0,8.05,1600309750.0
529,benalla,AU,-36.55,145.98,64.4,63.0,90.0,4.7,1600309750.0
530,hofn,IS,64.25,-15.21,50.77,93.0,100.0,28.05,1600309750.0
531,bloomingdale,US,27.89,-82.24,82.4,83.0,1.0,5.82,1600309751.0
532,zhigansk,RU,66.77,123.37,49.71,61.0,24.0,5.91,1600309751.0
533,hambantota,LK,6.12,81.12,82.4,88.0,40.0,11.41,1600309751.0
534,dicabisagan,PH,17.08,122.42,85.62,68.0,100.0,7.05,1600309751.0
535,ryotsu,JP,38.08,138.43,82.4,69.0,66.0,5.82,1600309752.0
536,smithers,CA,54.78,-127.17,59.0,82.0,40.0,5.82,1600309752.0
537,gobabis,NA,-22.45,18.97,50.68,37.0,0.0,10.0,1600309752.0
538,la primavera,CO,5.49,-70.41,74.34,88.0,3.0,0.92,1600309752.0
539,saint-joseph,RE,-21.37,55.62,66.2,55.0,26.0,8.05,1600309753.0
540,nadym,RU,65.53,72.52,48.27,88.0,36.0,12.15,1600309753.0
541,koslan,RU,63.46,48.9,34.39,94.0,39.0,3.76,1600309753.0
542,half moon bay,US,37.46,-122.43,73.99,93.0,90.0,8.05,1600309753.0
